9999 9999,GPML,nolabel,none,black,byPlateId,1,0
 101 4500.0   -inf UN   0   0   0     0
  73.9593 -112.7356 3
  73.9329 -112.1485 2
  73.9377 -111.1235 2
  73.9605 -109.8907 2
  73.9965 -108.9373 2
  74.0128 -108.1638 2
  74.0374 -107.6142 2
  74.1133 -106.7152 2
  74.1899 -105.6932 2
  74.2567 -104.4978 2
  74.2984 -103.6842 2
  74.3241 -103.1120 2
  74.3525 -102.4501 2
  74.3867 -101.7208 2
  74.4147 -100.9581 2
  74.4218 -100.2746 2
  74.4209  -99.3898 2
  74.4231  -98.5833 2
  74.4125  -98.0125 2
  74.3957  -97.3972 2
  74.3937  -96.6580 2
  74.3800  -96.0538 2
  74.3692  -95.4606 2
  74.3608  -94.5816 2
  74.3321  -93.5131 2
  74.3002  -92.3943 2
  74.2993  -91.5264 2
  74.2650  -90.6709 2
  74.2321  -89.7873 2
  74.2179  -89.0822 2
  74.2065  -88.2762 2
  74.1931  -87.2911 2
  74.1628  -86.2954 2
  74.1351  -85.1485 2
  74.0993  -83.8618 2
  74.0749  -82.8715 2
  74.0537  -81.9203 2
  74.0126  -81.0034 2
  73.9762  -80.0003 2
  73.9031  -78.9691 2
  73.8477  -78.1087 2
  73.9289  -77.2483 2
  73.6198  -76.3814 2
  73.2653  -75.5644 2
  72.9895  -74.8244 2
  72.6854  -73.8679 2
  72.4224  -72.8992 2
  72.1739  -71.8668 2
  71.9974  -71.0293 2
  71.8471  -70.3881 2
  71.7521  -69.9496 2
  71.6377  -69.3854 2
  71.3977  -68.3730 2
  71.2237  -67.7358 2
  70.8789  -66.7017 2
  70.5186  -65.9075 2
  70.0219  -65.1890 2
  69.4364  -64.7870 2
  69.2164  -64.1694 2
  68.5541  -64.1501 2
  68.1567  -63.5050 2
  67.9865  -62.9800 2
  67.7922  -62.4687 2
  67.6209  -62.0001 2
  67.2363  -61.3774 2
  66.5147  -61.1161 2
  65.9573  -61.3088 2
  65.4023  -61.4076 2
  64.8468  -61.6204 2
  64.1848  -61.9934 2
  63.7551  -62.4241 2
  63.3208  -62.7290 2
  62.6557  -63.0416 2
  62.3083  -63.5405 2
  61.8341  -63.9875 2
  61.1167  -63.9239 2
  60.6180  -63.2574 2
  60.3609  -62.6363 2
  60.1278  -62.0915 2
  59.8347  -61.6533 2
  59.4118  -61.0288 2
  58.9122  -60.5500 2
  58.4353  -60.2519 2
  57.9934  -59.9452 2
  57.5259  -59.6602 2
  57.1086  -59.3890 2
  56.6222  -59.0013 2
  56.1877  -58.4744 2
  55.7743  -57.8142 2
  55.5154  -57.2214 2
  55.3986  -56.7746 2
  55.2468  -55.9608 2
  55.1327  -55.3402 2
  54.9977  -54.7445 2
  54.7264  -54.0216 2
  54.2796  -53.3280 2
  53.9216  -52.9044 2
  53.4756  -52.3741 2
  52.9025  -51.7559 2
  52.3304  -51.1410 2
  51.7138  -50.6284 2
  50.9935  -50.4649 2
  50.9365  -50.9932 2
  50.8682  -51.3789 2
  50.7611  -51.8286 2
  50.6536  -52.2448 2
  50.5145  -52.7790 2
  50.3368  -53.5211 2
  49.9415  -54.1435 2
  49.5538  -54.7713 2
  49.1434  -55.4124 2
  48.8905  -55.9521 2
  48.6801  -56.5714 2
  48.4986  -57.1903 2
  48.2970  -57.7030 2
  48.0721  -58.2273 2
  47.8845  -58.8182 2
  47.7421  -59.3057 2
  47.6641  -59.6952 2
  47.6218  -60.1438 2
  47.5804  -60.7269 2
  47.5707  -61.4942 2
  47.5595  -62.0600 2
  47.4472  -62.8346 2
  47.3955  -63.5970 2
  47.3312  -64.1804 2
  47.1041  -65.0042 2
  46.5430  -66.1131 2
  46.1021  -66.8309 2
  45.7244  -67.5980 2
  45.2503  -68.4787 2
  44.9769  -69.0426 2
  44.6146  -69.6639 2
  44.1200  -70.1190 2
  43.4913  -70.6208 2
  42.9775  -70.9081 2
  42.3369  -71.4938 2
  41.6992  -72.1579 2
  41.0509  -72.3908 2
  40.7790  -72.8328 2
  40.6968  -73.2468 2
  40.4725  -73.9331 2
  40.1999  -74.7991 2
  39.9341  -75.4692 2
  39.6489  -75.9938 2
  39.3406  -76.5131 2
  38.9400  -77.1512 2
  38.1994  -77.9730 2
  37.7649  -78.4939 2
  37.3494  -78.9361 2
  36.9137  -79.3785 2
  36.5783  -79.7020 2
  36.1954  -79.9365 2
  35.7531  -80.3957 2
  35.2498  -80.9957 2
  34.7807  -81.6232 2
  34.4422  -82.1090 2
  34.0288  -82.7190 2
  33.6417  -83.3510 2
  33.2623  -83.9941 2
  32.9862  -84.7479 2
  32.7362  -85.3558 2
  32.4959  -86.0531 2
  32.2366  -86.8403 2
  32.0245  -87.6493 2
  31.8022  -88.4360 2
  31.6183  -89.3006 2
  31.5108  -90.1643 2
  31.4221  -90.9830 2
  31.1684  -91.8880 2
  31.2469  -92.6399 2
  31.2544  -93.2138 2
  31.3015  -93.6389 2
  31.2770  -94.1320 2
  31.2136  -94.5808 2
  31.0165  -95.1711 2
  30.7611  -95.7846 2
  30.3540  -96.3215 2
  29.8529  -96.9210 2
  29.2817  -97.6446 2
  28.8304  -98.3275 2
  28.3932  -99.1670 2
  28.0342 -100.0393 2
  27.7663 -100.5016 2
  27.1372 -100.5425 2
  26.5866 -100.3696 2
  26.1310 -100.2180 2
  25.6539 -100.1911 2
  25.6116 -101.0080 2
  25.5661 -101.5797 2
  25.6597 -102.3570 2
  25.7629 -103.0783 2
  26.1015 -103.6868 2
  27.1302 -104.0481 2
  27.9684 -104.2681 2
  29.4794 -104.3344 2
  30.3398 -104.5034 2
  30.8900 -104.8328 2
  31.2896 -105.3096 2
  31.4686 -105.9963 2
  31.6781 -106.5519 2
  31.9368 -106.9595 2
  32.1602 -107.2704 2
  32.6020 -107.4050 2
  33.3314 -107.4408 2
  34.0213 -107.3259 2
  34.6039 -106.9994 2
  35.1311 -106.5617 2
  35.8469 -106.1774 2
  36.5093 -105.9730 2
  37.0441 -105.9661 2
  37.8483 -106.0677 2
  38.7543 -106.2350 2
  39.8099 -106.5346 2
  40.6073 -106.8990 2
  41.5053 -107.3740 2
  42.3959 -107.9273 2
  43.0488 -108.5229 2
  43.6342 -109.1923 2
  44.1494 -109.8289 2
  44.5303 -110.2435 2
  45.0435 -110.7008 2
  45.6156 -111.1124 2
  46.1412 -111.3915 2
  46.9422 -111.8991 2
  47.6421 -112.6053 2
  48.3951 -113.1761 2
  48.9513 -113.6994 2
  49.4823 -114.0998 2
  49.9930 -114.4725 2
  50.5304 -114.8559 2
  51.2370 -115.2961 2
  51.6947 -115.5592 2
  52.1720 -116.0216 2
  52.5872 -116.6362 2
  52.8248 -117.1026 2
  53.1732 -117.7182 2
  53.5395 -118.4287 2
  53.8562 -119.1288 2
  54.2702 -120.0456 2
  54.5976 -120.7230 2
  54.9417 -121.4337 2
  55.4787 -122.2005 2
  56.0382 -122.8212 2
  56.5700 -123.3079 2
  57.1239 -123.6950 2
  57.5044 -123.9846 2
  57.8365 -124.3478 2
  58.3397 -124.8083 2
  58.8721 -125.3466 2
  59.2151 -125.8381 2
  59.7317 -126.1485 2
  60.3601 -125.7217 2
  61.2126 -125.5586 2
  62.1712 -125.8262 2
  62.9871 -126.3299 2
  63.5534 -126.9075 2
  63.7845 -127.3689 2
  64.0534 -127.9785 2
  64.3137 -128.8292 2
  64.6470 -129.8908 2
  64.9435 -131.0709 2
  65.1496 -132.2306 2
  65.2591 -133.0680 2
  65.3312 -133.6748 2
  65.5355 -134.1363 2
  65.8104 -134.3983 2
  66.1404 -134.7371 2
  66.7380 -135.2794 2
  67.3759 -135.7464 2
  67.9536 -135.5179 2
  68.3872 -135.7821 2
  68.5723 -136.3183 2
  68.8255 -137.0351 2
  69.4805 -136.9797 2
  69.7828 -136.6187 2
  70.1825 -135.8114 2
  70.5113 -134.9140 2
  70.7045 -134.3216 2
  70.8972 -133.6598 2
  71.0579 -133.1155 2
  71.2065 -132.5172 2
  71.4178 -131.9101 2
  71.7233 -131.1147 2
  71.9173 -130.5678 2
  72.1875 -129.9536 2
  72.6332 -129.2601 2
  73.2741 -128.9131 2
  73.7263 -129.2088 2
  74.0902 -129.6320 2
  74.7709 -129.8296 2
  75.3940 -129.5219 2
  75.7044 -129.1030 2
  75.8988 -128.6325 2
  75.6825 -127.8662 2
  75.5491 -126.8525 2
  75.4333 -126.0285 2
  75.3565 -125.2924 2
  75.3077 -124.5328 2
  75.2355 -123.6285 2
  75.1824 -123.0147 2
  75.1392 -122.4339 2
  75.0764 -121.5461 2
  75.0327 -120.8758 2
  74.9877 -120.3008 2
  74.9428 -119.8042 2
  74.8859 -119.2633 2
  74.7860 -118.6064 2
  74.6400 -117.6265 2
  74.4944 -116.7417 2
  74.3078 -115.7128 2
  74.2271 -115.1335 2
  74.1351 -114.4594 2
  74.0265 -113.5338 2
  73.9593 -112.7356 2
  99.0000   99.0000 3
9999 9999,GPML,nolabel,none,black,byPlateId,1,0
 108  600.0   -inf UN   0   0   0     0
  45.4502  -55.8027 3
  45.3840  -56.4589 2
  45.3888  -57.1084 2
  45.3025  -57.7313 2
  45.2280  -58.3708 2
  45.1817  -59.0715 2
  45.0834  -59.7337 2
  44.9818  -60.4912 2
  44.7009  -61.2961 2
  44.3462  -62.0796 2
  44.0014  -62.8406 2
  43.7218  -63.3878 2
  43.4940  -63.9342 2
  43.3503  -64.8967 2
  43.2442  -65.6626 2
  43.0483  -66.4354 2
  42.4277  -67.6117 2
  42.0225  -68.4910 2
  41.8097  -69.0987 2
  41.5798  -69.7627 2
  41.2819  -70.4836 2
  40.9939  -71.5516 2
  41.0509  -72.3908 2
  41.6992  -72.1579 2
  42.3369  -71.4938 2
  42.9775  -70.9081 2
  43.4913  -70.6208 2
  44.1200  -70.1190 2
  44.6146  -69.6639 2
  44.9769  -69.0426 2
  45.2503  -68.4787 2
  45.7244  -67.5980 2
  46.1021  -66.8309 2
  46.5430  -66.1131 2
  47.1041  -65.0042 2
  47.3312  -64.1804 2
  47.3955  -63.5970 2
  47.4472  -62.8346 2
  47.5595  -62.0600 2
  47.5707  -61.4942 2
  47.5804  -60.7269 2
  47.6218  -60.1438 2
  47.6641  -59.6952 2
  47.7421  -59.3057 2
  47.8845  -58.8182 2
  48.0721  -58.2273 2
  48.2970  -57.7030 2
  48.4986  -57.1903 2
  48.6801  -56.5714 2
  48.8905  -55.9521 2
  49.1434  -55.4124 2
  49.5538  -54.7713 2
  49.9415  -54.1435 2
  50.3368  -53.5211 2
  50.5145  -52.7790 2
  50.6536  -52.2448 2
  50.7611  -51.8286 2
  50.8682  -51.3789 2
  50.9365  -50.9932 2
  50.9935  -50.4649 2
  50.4572  -50.3259 2
  49.8021  -50.2161 2
  48.9551  -49.8615 2
  48.3541  -49.5027 2
  48.0766  -50.0269 2
  47.6806  -50.6788 2
  47.2648  -51.5027 2
  46.8257  -52.1926 2
  46.4711  -52.7635 2
  46.0655  -53.6040 2
  45.8470  -54.1896 2
  45.6783  -54.7073 2
  45.5561  -55.2019 2
  45.4502  -55.8027 2
  99.0000   99.0000 3
9999 9999,GPML,nolabel,none,black,byPlateId,1,0
 107  245.0   -inf UN   0   0   0     0
  48.1476  -48.5063 3
  48.0838  -47.9938 2
  48.1179  -47.5058 2
  47.8482  -47.0587 2
  47.4464  -46.9168 2
  46.8047  -46.9424 2
  46.0903  -47.1884 2
  45.6779  -47.7037 2
  45.1691  -48.5210 2
  44.5215  -48.9402 2
  43.8867  -49.1208 2
  43.1712  -49.4680 2
  42.8409  -49.9101 2
  42.8258  -50.4110 2
  42.9475  -50.9804 2
  43.2174  -51.5250 2
  43.7113  -52.3279 2
  44.3437  -53.2626 2
  44.7223  -53.9719 2
  44.9002  -54.5699 2
  44.9866  -55.0712 2
  44.9392  -55.6629 2
  44.8164  -56.3284 2
  44.6161  -56.8439 2
  44.4643  -57.3698 2
  44.2961  -57.9782 2
  44.0839  -58.7412 2
  43.8055  -59.5272 2
  43.5001  -60.2890 2
  43.3093  -61.0633 2
  43.2086  -61.7888 2
  43.1219  -62.5729 2
  42.9236  -63.4927 2
  42.6542  -64.4538 2
  42.4094  -65.0112 2
  42.1073  -65.4940 2
  41.7970  -65.8043 2
  41.3158  -66.2841 2
  40.9800  -66.7598 2
  40.6417  -67.3856 2
  40.3673  -68.0988 2
  40.2464  -68.8961 2
  40.1349  -69.8171 2
  40.0067  -70.6750 2
  39.7946  -71.5302 2
  39.5212  -72.1319 2
  39.0801  -73.0745 2
  40.1294  -72.9913 2
  40.7790  -72.8328 2
  41.0509  -72.3908 2
  40.9939  -71.5516 2
  41.2819  -70.4836 2
  41.5798  -69.7627 2
  41.8097  -69.0987 2
  42.0225  -68.4910 2
  42.4277  -67.6117 2
  43.0483  -66.4354 2
  43.2442  -65.6626 2
  43.3503  -64.8967 2
  43.4940  -63.9342 2
  43.7218  -63.3878 2
  44.0014  -62.8406 2
  44.3462  -62.0796 2
  44.7009  -61.2961 2
  44.9818  -60.4912 2
  45.0834  -59.7337 2
  45.1817  -59.0715 2
  45.2280  -58.3708 2
  45.3025  -57.7313 2
  45.3888  -57.1084 2
  45.3840  -56.4589 2
  45.4502  -55.8027 2
  45.5561  -55.2019 2
  45.6783  -54.7073 2
  45.8470  -54.1896 2
  46.0655  -53.6040 2
  46.4711  -52.7635 2
  46.8257  -52.1926 2
  47.2648  -51.5027 2
  47.6806  -50.6788 2
  48.0766  -50.0269 2
  48.3541  -49.5027 2
  48.3289  -49.0534 2
  48.1476  -48.5063 2
  99.0000   99.0000 3
9999 9999,GPML,nolabel,none,black,byPlateId,1,0
 109  600.0   -inf UN   0   0   0     0
  30.2459  -80.1478 3
  29.4273  -80.1798 2
  28.7002  -80.1168 2
  28.0222  -80.0308 2
  27.4320  -79.9402 2
  26.8908  -79.8922 2
  26.1357  -79.9455 2
  25.5755  -80.1482 2
  24.9045  -80.6387 2
  24.5080  -81.4051 2
  24.3498  -82.3482 2
  24.4283  -83.0715 2
  24.4645  -83.6959 2
  24.9215  -84.0771 2
  25.3208  -84.2818 2
  25.7844  -84.4692 2
  26.1935  -84.5864 2
  26.8085  -84.7743 2
  27.6795  -85.1656 2
  28.3558  -85.6251 2
  28.8283  -86.0308 2
  29.2363  -86.5428 2
  29.4912  -87.1959 2
  29.5205  -87.7645 2
  29.4149  -88.1068 2
  29.6551  -88.5232 2
  30.0480  -89.0618 2
  30.3654  -89.4612 2
  30.5831  -89.9402 2
  30.7514  -90.3582 2
  30.9466  -91.1063 2
  31.1684  -91.8880 2
  31.4221  -90.9830 2
  31.5108  -90.1643 2
  31.6183  -89.3006 2
  31.8022  -88.4360 2
  32.0245  -87.6493 2
  32.2366  -86.8403 2
  32.4959  -86.0531 2
  32.7362  -85.3558 2
  32.9862  -84.7479 2
  33.2623  -83.9941 2
  33.6417  -83.3510 2
  34.0288  -82.7190 2
  34.4422  -82.1090 2
  34.7807  -81.6232 2
  35.2498  -80.9957 2
  35.7531  -80.3957 2
  36.1954  -79.9365 2
  36.5783  -79.7020 2
  36.9137  -79.3785 2
  37.3494  -78.9361 2
  37.7649  -78.4939 2
  38.1994  -77.9730 2
  38.9400  -77.1512 2
  39.3406  -76.5131 2
  39.6489  -75.9938 2
  39.9341  -75.4692 2
  40.1999  -74.7991 2
  40.4725  -73.9331 2
  40.6968  -73.2468 2
  40.7790  -72.8328 2
  40.1294  -72.9913 2
  39.0801  -73.0745 2
  38.4784  -73.5847 2
  38.0753  -73.8925 2
  37.2832  -74.3474 2
  36.7619  -74.5903 2
  36.3440  -74.7620 2
  35.7607  -74.9012 2
  35.2860  -75.2009 2
  34.8508  -75.5317 2
  34.4552  -75.9270 2
  33.9561  -76.6025 2
  33.4623  -77.2758 2
  33.1098  -77.7745 2
  32.7938  -78.2117 2
  32.4683  -78.6505 2
  32.0441  -79.1531 2
  31.5694  -79.5842 2
  31.0575  -79.8923 2
  30.2459  -80.1478 2
  99.0000   99.0000 3
9999 9999,GPML,nolabel,none,black,byPlateId,1,0
 106 4500.0   -inf UN   0   0   0     0
  84.9752  -78.4865 3
  84.8558  -76.0604 2
  84.8659  -73.4647 2
  84.8749  -71.3826 2
  84.8593  -68.8924 2
  84.8381  -66.5237 2
  84.8027  -63.0058 2
  84.7598  -60.4084 2
  84.7217  -58.0525 2
  84.6994  -56.6925 2
  84.6740  -55.3446 2
  84.6812  -53.8600 2
  84.6782  -52.8940 2
  84.7671  -52.3983 2
  84.6396  -51.6723 2
  84.6490  -50.6279 2
  84.6548  -49.2846 2
  84.6544  -47.1585 2
  84.6252  -45.6666 2
  84.6039  -44.4748 2
  84.6061  -43.7484 2
  84.6137  -42.3857 2
  84.6328  -41.7971 2
  84.6598  -40.9122 2
  84.4300  -39.7663 2
  84.0890  -41.5996 2
  83.9235  -43.7920 2
  83.7614  -45.7566 2
  83.6261  -47.4591 2
  83.4561  -49.5520 2
  83.3167  -51.0398 2
  83.1683  -52.4612 2
  82.9931  -54.1663 2
  82.8356  -55.5894 2
  82.6897  -56.8993 2
  82.5321  -58.0133 2
  82.3462  -59.1992 2
  82.1189  -60.3796 2
  81.9499  -61.3021 2
  81.7792  -62.2385 2
  81.5756  -63.3743 2
  81.4049  -64.3376 2
  81.2122  -65.3482 2
  81.0163  -66.1526 2
  80.8189  -66.9223 2
  80.6378  -67.6570 2
  80.4479  -68.3602 2
  80.1792  -69.3211 2
  79.9236  -70.1971 2
  79.6636  -70.9944 2
  79.3989  -71.8724 2
  79.0760  -72.8215 2
  78.6849  -73.6912 2
  78.2165  -74.7225 2
  77.8759  -75.2946 2
  77.3631  -76.0790 2
  76.9648  -76.7313 2
  76.5174  -77.1630 2
  76.1340  -77.6255 2
  75.6517  -78.2869 2
  75.1029  -78.9482 2
  74.4874  -79.5230 2
  73.9762  -80.0003 2
  74.0126  -81.0034 2
  74.0537  -81.9203 2
  74.0749  -82.8715 2
  74.0993  -83.8618 2
  74.1351  -85.1485 2
  74.1628  -86.2954 2
  74.1931  -87.2911 2
  74.2065  -88.2762 2
  74.2179  -89.0822 2
  74.2321  -89.7873 2
  74.2650  -90.6709 2
  74.2993  -91.5264 2
  74.3002  -92.3943 2
  74.3321  -93.5131 2
  74.3608  -94.5816 2
  74.3692  -95.4606 2
  74.3800  -96.0538 2
  74.3937  -96.6580 2
  74.3957  -97.3972 2
  74.4125  -98.0125 2
  74.4231  -98.5833 2
  74.4209  -99.3898 2
  74.4218 -100.2746 2
  74.4147 -100.9581 2
  74.3867 -101.7208 2
  74.3525 -102.4501 2
  74.3241 -103.1120 2
  74.2984 -103.6842 2
  74.2567 -104.4978 2
  74.1899 -105.6932 2
  74.1133 -106.7152 2
  74.0374 -107.6142 2
  74.0128 -108.1638 2
  73.9965 -108.9373 2
  73.9605 -109.8907 2
  73.9377 -111.1235 2
  73.9329 -112.1485 2
  73.9593 -112.7356 2
  74.0265 -113.5338 2
  74.1351 -114.4594 2
  74.2271 -115.1335 2
  74.3078 -115.7128 2
  74.4944 -116.7417 2
  74.6400 -117.6265 2
  74.7860 -118.6064 2
  74.8859 -119.2633 2
  74.9428 -119.8042 2
  74.9877 -120.3008 2
  75.0327 -120.8758 2
  75.0764 -121.5461 2
  75.1392 -122.4339 2
  75.1824 -123.0147 2
  75.2355 -123.6285 2
  75.3077 -124.5328 2
  75.3565 -125.2924 2
  75.4333 -126.0285 2
  75.5491 -126.8525 2
  75.6825 -127.8662 2
  75.8988 -128.6325 2
  76.3271 -128.0956 2
  76.6389 -127.4109 2
  77.0136 -126.5397 2
  77.2400 -126.0196 2
  77.5390 -125.2478 2
  77.8571 -124.3605 2
  78.0386 -123.7173 2
  78.2456 -122.8724 2
  78.3688 -122.4025 2
  78.5984 -121.3879 2
  78.7725 -120.4387 2
  78.9156 -119.6076 2
  79.0033 -118.9900 2
  79.1306 -118.0796 2
  79.2172 -117.4287 2
  79.3056 -116.4889 2
  79.7727 -115.9557 2
  80.1956 -115.5180 2
  80.3376 -114.3020 2
  80.4568 -113.0622 2
  80.6226 -111.8721 2
  80.7394 -111.0374 2
  80.8325 -110.3975 2
  81.0040 -109.4656 2
  81.0801 -108.6747 2
  81.1517 -107.9025 2
  81.2382 -107.2775 2
  81.3591 -106.4325 2
  81.4856 -105.4077 2
  81.5965 -104.4513 2
  81.6482 -103.6717 2
  81.6814 -103.1337 2
  81.7921 -102.4661 2
  81.9044 -101.9402 2
  82.2568 -101.3371 2
  82.5489 -100.6557 2
  82.6929  -99.9594 2
  82.8656  -99.0528 2
  83.2271  -98.5710 2
  83.2018  -98.0484 2
  83.2467  -97.4982 2
  83.4321  -96.5289 2
  83.6094  -95.4724 2
  83.6991  -94.7773 2
  83.8137  -93.6724 2
  83.9233  -92.2727 2
  84.0359  -90.6938 2
  84.1186  -89.7151 2
  84.2195  -88.6686 2
  84.5476  -86.6862 2
  84.5433  -85.9903 2
  84.5760  -85.2999 2
  84.6090  -84.8418 2
  84.6740  -84.1894 2
  84.7341  -83.2674 2
  84.7739  -82.4935 2
  84.8103  -81.8907 2
  84.8651  -80.8384 2
  84.8888  -80.2627 2
  84.9258  -79.3808 2
  84.9752  -78.4865 2
  99.0000   99.0000 3
9999 9999,GPML,nolabel,none,black,byPlateId,1,0
 132 4500.0   -inf UN   0   0   0     0
  34.8605 -113.2291 3
  34.2041 -113.0323 2
  34.2733 -113.6402 2
  34.8222 -114.3040 2
  35.4288 -114.9541 2
  35.6055 -115.5007 2
  35.6507 -116.0760 2
  36.1952 -115.9687 2
  36.8096 -115.9100 2
  37.5938 -115.9272 2
  38.2506 -115.9124 2
  38.7383 -115.8216 2
  39.2491 -115.7416 2
  39.9845 -115.6303 2
  40.4570 -115.6347 2
  41.0565 -115.5364 2
  41.6665 -115.2978 2
  42.3508 -115.1980 2
  42.9290 -115.1110 2
  43.4695 -115.0413 2
  43.9642 -114.9497 2
  44.4872 -114.8913 2
  45.0447 -114.7819 2
  45.7576 -114.5859 2
  46.2638 -114.5351 2
  46.2124 -114.0162 2
  46.0984 -113.3240 2
  45.9425 -112.4811 2
  45.3283 -112.8414 2
  44.6034 -112.6000 2
  44.1678 -111.7607 2
  43.8007 -110.8027 2
  43.3881 -110.3410 2
  42.4188 -110.3518 2
  41.9237 -110.4483 2
  41.3925 -110.7132 2
  40.9545 -110.9824 2
  40.4064 -111.2474 2
  39.5811 -111.4433 2
  38.9166 -111.9365 2
  38.4477 -112.6456 2
  37.7593 -112.9084 2
  37.0306 -113.0224 2
  36.5723 -113.1291 2
  35.9422 -113.1987 2
  35.3625 -113.2677 2
  34.8605 -113.2291 2
  99.0000   99.0000 3
9999 9999,GPML,nolabel,none,black,byPlateId,1,0
 133 4500.0   -inf UN   0   0   0     0
  32.1602 -107.2704 3
  32.1344 -107.7299 2
  32.1779 -108.3454 2
  32.2505 -109.0165 2
  32.4911 -110.1895 2
  33.1658 -110.8253 2
  33.5935 -111.3857 2
  33.9229 -112.1600 2
  34.2041 -113.0323 2
  34.8605 -113.2291 2
  35.3625 -113.2677 2
  35.9422 -113.1987 2
  36.5723 -113.1291 2
  37.0306 -113.0224 2
  37.7593 -112.9084 2
  38.4477 -112.6456 2
  38.9166 -111.9365 2
  39.5811 -111.4433 2
  40.4064 -111.2474 2
  40.9545 -110.9824 2
  41.3925 -110.7132 2
  41.9237 -110.4483 2
  42.4188 -110.3518 2
  43.3881 -110.3410 2
  43.8007 -110.8027 2
  44.1678 -111.7607 2
  44.6034 -112.6000 2
  45.3283 -112.8414 2
  45.9425 -112.4811 2
  46.0509 -111.7768 2
  46.1412 -111.3915 2
  45.6156 -111.1124 2
  45.0435 -110.7008 2
  44.5303 -110.2435 2
  44.1494 -109.8289 2
  43.6342 -109.1923 2
  43.0488 -108.5229 2
  42.3959 -107.9273 2
  41.5053 -107.3740 2
  40.6073 -106.8990 2
  39.8099 -106.5346 2
  38.7543 -106.2350 2
  37.8483 -106.0677 2
  37.0441 -105.9661 2
  36.5093 -105.9730 2
  35.8469 -106.1774 2
  35.1311 -106.5617 2
  34.6039 -106.9994 2
  34.0213 -107.3259 2
  33.3314 -107.4408 2
  32.6020 -107.4050 2
  32.1602 -107.2704 2
  99.0000   99.0000 3
9999 9999,GPML,nolabel,none,black,byPlateId,1,0
 124 4500.0   -inf UN   0   0   0     0
  66.7380 -135.2794 3
  66.1404 -134.7371 2
  65.8104 -134.3983 2
  65.5355 -134.1363 2
  65.3312 -133.6748 2
  65.2591 -133.0680 2
  65.1496 -132.2306 2
  64.9435 -131.0709 2
  64.6470 -129.8908 2
  64.3137 -128.8292 2
  64.0534 -127.9785 2
  63.7845 -127.3689 2
  63.5534 -126.9075 2
  62.9871 -126.3299 2
  62.1712 -125.8262 2
  61.2126 -125.5586 2
  60.3601 -125.7217 2
  59.7317 -126.1485 2
  59.2151 -125.8381 2
  58.8721 -125.3466 2
  58.3397 -124.8083 2
  57.8365 -124.3478 2
  57.5044 -123.9846 2
  57.1239 -123.6950 2
  56.5700 -123.3079 2
  56.0382 -122.8212 2
  55.4787 -122.2005 2
  54.9417 -121.4337 2
  54.5976 -120.7230 2
  54.2702 -120.0456 2
  53.8562 -119.1288 2
  53.5395 -118.4287 2
  53.1732 -117.7182 2
  52.8248 -117.1026 2
  52.5872 -116.6362 2
  52.1720 -116.0216 2
  51.6947 -115.5592 2
  51.2370 -115.2961 2
  50.5304 -114.8559 2
  49.9930 -114.4725 2
  49.4823 -114.0998 2
  48.9513 -113.6994 2
  48.3951 -113.1761 2
  47.6421 -112.6053 2
  46.9422 -111.8991 2
  46.1412 -111.3915 2
  46.0509 -111.7768 2
  45.9425 -112.4811 2
  46.0984 -113.3240 2
  46.2124 -114.0162 2
  46.2638 -114.5351 2
  46.4734 -115.4342 2
  46.4565 -116.1109 2
  46.4704 -116.6270 2
  46.4712 -117.2878 2
  46.4829 -117.8533 2
  46.6105 -118.4058 2
  46.9227 -119.0115 2
  47.2236 -119.3654 2
  47.7241 -119.5953 2
  48.5077 -119.4764 2
  49.3620 -119.5506 2
  49.8466 -119.6270 2
  50.2620 -119.7211 2
  50.7515 -119.7972 2
  51.3599 -119.9944 2
  51.9788 -120.4041 2
  52.5904 -120.9706 2
  52.9575 -121.5356 2
  53.4392 -122.2273 2
  53.9339 -122.6387 2
  54.3523 -122.8105 2
  54.9386 -123.0913 2
  55.4189 -123.5754 2
  56.0318 -124.1074 2
  56.5554 -124.6522 2
  56.9416 -125.1564 2
  57.4506 -125.7440 2
  57.8104 -126.1179 2
  58.2818 -126.7303 2
  58.3960 -127.1563 2
  58.9873 -127.4948 2
  59.6217 -128.2939 2
  60.1884 -129.0775 2
  60.6463 -129.7959 2
  60.9887 -130.3992 2
  61.3214 -130.9352 2
  61.6474 -131.8914 2
  61.9883 -132.8024 2
  62.3686 -134.0063 2
  62.8505 -134.9952 2
  62.8417 -135.8158 2
  63.4062 -136.7578 2
  63.6222 -137.4976 2
  63.8184 -138.0530 2
  64.0438 -138.8653 2
  64.3161 -139.6821 2
  64.6214 -140.9292 2
  64.8648 -141.8586 2
  64.9861 -142.4380 2
  65.1786 -143.2285 2
  65.3559 -144.0978 2
  65.5229 -144.9897 2
  65.6565 -145.8935 2
  65.9114 -146.6699 2
  66.2715 -146.2705 2
  66.6176 -145.5135 2
  66.5421 -144.7762 2
  66.6867 -143.6776 2
  66.8364 -142.9513 2
  66.9830 -142.2417 2
  67.1587 -141.4531 2
  67.2953 -140.8447 2
  67.5011 -140.0719 2
  67.6712 -139.3169 2
  67.8456 -138.3461 2
  68.1735 -137.4662 2
  68.8255 -137.0351 2
  68.5723 -136.3183 2
  68.3872 -135.7821 2
  67.9536 -135.5179 2
  67.3759 -135.7464 2
  66.7380 -135.2794 2
  99.0000   99.0000 3
9999 9999,GPML,nolabel,none,black,byPlateId,1,0
 129  245.0   -inf UN   0   0   0     0
  48.6486 -121.7514 3
  47.7769 -121.4625 2
  47.4810 -120.7979 2
  47.4917 -120.1397 2
  47.7241 -119.5953 2
  47.2236 -119.3654 2
  46.9227 -119.0115 2
  46.6105 -118.4058 2
  46.4829 -117.8533 2
  46.4712 -117.2878 2
  46.4704 -116.6270 2
  46.4565 -116.1109 2
  45.8950 -116.1372 2
  45.2526 -116.1691 2
  44.7579 -116.5907 2
  44.3571 -117.2012 2
  44.0883 -117.8884 2
  43.8825 -118.4737 2
  43.7000 -119.0251 2
  43.4514 -119.5439 2
  43.1696 -120.1303 2
  42.6907 -121.0218 2
  42.2486 -121.7560 2
  41.9438 -122.2530 2
  41.5329 -122.8243 2
  40.9778 -123.2615 2
  40.5060 -124.0274 2
  40.1898 -124.5182 2
  40.7548 -124.8474 2
  41.5381 -124.8687 2
  42.6383 -124.9450 2
  43.5895 -124.9171 2
  44.1655 -125.0762 2
  44.9537 -124.9372 2
  45.8772 -124.8151 2
  46.7078 -124.9026 2
  47.3463 -125.0938 2
  47.9376 -125.5128 2
  48.5928 -125.8788 2
  48.5202 -125.2181 2
  48.4839 -124.7221 2
  48.5055 -123.7922 2
  48.5902 -123.1413 2
  48.8314 -122.6391 2
  49.2483 -122.2349 2
  49.5982 -121.8626 2
  48.6486 -121.7514 2
  99.0000   99.0000 3
9999 9999,GPML,nolabel,none,black,byPlateId,1,0
 130  245.0   -inf UN   0   0   0     0
  35.2816 -118.3563 3
  34.8084 -118.5908 2
  34.9724 -118.9953 2
  35.2302 -119.5130 2
  35.7153 -120.2237 2
  36.4940 -121.1518 2
  36.9097 -121.7317 2
  37.2093 -122.1236 2
  37.6881 -122.6726 2
  38.0018 -123.2417 2
  38.5812 -123.6657 2
  39.0796 -123.9362 2
  39.5287 -124.2363 2
  40.1898 -124.5182 2
  40.5060 -124.0274 2
  40.9778 -123.2615 2
  40.5161 -122.7728 2
  40.3596 -122.0899 2
  40.2661 -121.4882 2
  39.7653 -120.9498 2
  39.1481 -120.5287 2
  38.4306 -119.9707 2
  37.8333 -119.3737 2
  37.3082 -118.9605 2
  36.6264 -118.5492 2
  35.9262 -118.3566 2
  35.2816 -118.3563 2
  99.0000   99.0000 3
9999 9999,GPML,nolabel,none,black,byPlateId,1,0
 131 4500.0   -inf UN   0   0   0     0
  36.1952 -115.9687 3
  35.6507 -116.0760 2
  35.7408 -116.8749 2
  35.7015 -117.6315 2
  35.2816 -118.3563 2
  35.9262 -118.3566 2
  36.6264 -118.5492 2
  37.3082 -118.9605 2
  37.8333 -119.3737 2
  38.4306 -119.9707 2
  39.1481 -120.5287 2
  39.7653 -120.9498 2
  40.2661 -121.4882 2
  40.3596 -122.0899 2
  40.5161 -122.7728 2
  40.9778 -123.2615 2
  41.5329 -122.8243 2
  41.9438 -122.2530 2
  42.2486 -121.7560 2
  42.6907 -121.0218 2
  43.1696 -120.1303 2
  43.4514 -119.5439 2
  43.7000 -119.0251 2
  43.8825 -118.4737 2
  44.0883 -117.8884 2
  44.3571 -117.2012 2
  44.7579 -116.5907 2
  45.2526 -116.1691 2
  45.8950 -116.1372 2
  46.4565 -116.1109 2
  46.4734 -115.4342 2
  46.2638 -114.5351 2
  45.7576 -114.5859 2
  45.0447 -114.7819 2
  44.4872 -114.8913 2
  43.9642 -114.9497 2
  43.4695 -115.0413 2
  42.9290 -115.1110 2
  42.3508 -115.1980 2
  41.6665 -115.2978 2
  41.0565 -115.5364 2
  40.4570 -115.6347 2
  39.9845 -115.6303 2
  39.2491 -115.7416 2
  38.7383 -115.8216 2
  38.2506 -115.9124 2
  37.5938 -115.9272 2
  36.8096 -115.9100 2
  36.1952 -115.9687 2
  99.0000   99.0000 3
9999 9999,GPML,nolabel,none,black,byPlateId,1,0
 105 4500.0   -inf UN   0   0   0     0
  22.7395 -109.9417 3
  22.6461 -110.4952 2
  22.7069 -111.1798 2
  23.2720 -111.6838 2
  23.5513 -112.0883 2
  24.2372 -112.6962 2
  24.6858 -113.0445 2
  25.2265 -113.0974 2
  25.7785 -113.4383 2
  26.3596 -113.9021 2
  26.6121 -114.4684 2
  27.0600 -115.0175 2
  27.4847 -115.4392 2
  27.8627 -115.7900 2
  28.5049 -116.0917 2
  28.9889 -115.7830 2
  29.5605 -115.9984 2
  30.2463 -116.3151 2
  31.0729 -116.7252 2
  31.8639 -117.1301 2
  32.3809 -117.3815 2
  32.9297 -117.8564 2
  33.4859 -118.4655 2
  33.7299 -119.0393 2
  33.8414 -119.5028 2
  33.9341 -119.9608 2
  34.1960 -120.8144 2
  34.8959 -121.1865 2
  35.3861 -121.4771 2
  35.8096 -121.7966 2
  36.0655 -122.1742 2
  36.6821 -122.5950 2
  37.2587 -123.0726 2
  38.0018 -123.2417 2
  37.6881 -122.6726 2
  37.2093 -122.1236 2
  36.9097 -121.7317 2
  36.4940 -121.1518 2
  35.7153 -120.2237 2
  35.2302 -119.5130 2
  34.9724 -118.9953 2
  34.8084 -118.5908 2
  34.5574 -117.8082 2
  34.3902 -117.2335 2
  34.0981 -116.8003 2
  33.5131 -116.2084 2
  32.8249 -115.5896 2
  32.3135 -115.1310 2
  31.7548 -114.7878 2
  31.3728 -114.6944 2
  30.9467 -114.4419 2
  30.3059 -113.9951 2
  29.8420 -113.7288 2
  29.4311 -113.4234 2
  28.7790 -112.9536 2
  28.1293 -112.4391 2
  27.4592 -112.2627 2
  26.9667 -111.6997 2
  26.4322 -111.2386 2
  25.6270 -110.8055 2
  24.9056 -110.3886 2
  24.4373 -109.9977 2
  24.0667 -109.7259 2
  23.7630 -109.4678 2
  23.4559 -109.2022 2
  23.0402 -109.4646 2
  22.7395 -109.9417 2
  99.0000   99.0000 3
9999 9999,GPML,nolabel,none,black,byPlateId,1,0
 134 4500.0   -inf UN   0   0   0     0
  32.1779 -108.3454 3
  32.1344 -107.7299 2
  32.1602 -107.2704 2
  31.9368 -106.9595 2
  31.6781 -106.5519 2
  31.4686 -105.9963 2
  31.2896 -105.3096 2
  30.8900 -104.8328 2
  30.3398 -104.5034 2
  29.4794 -104.3344 2
  27.9684 -104.2681 2
  27.1302 -104.0481 2
  26.1015 -103.6868 2
  26.3764 -104.8745 2
  26.6554 -105.6161 2
  27.1013 -106.5854 2
  27.2823 -107.2049 2
  27.4821 -107.7346 2
  27.8898 -108.6987 2
  28.2306 -109.5683 2
  28.6424 -110.2131 2
  29.1822 -111.0468 2
  29.5800 -111.6525 2
  30.0456 -112.3694 2
  30.3650 -112.7352 2
  30.8295 -113.2113 2
  31.3058 -113.6480 2
  31.5999 -114.0533 2
  31.6581 -114.4110 2
  31.7548 -114.7878 2
  32.3135 -115.1310 2
  32.8249 -115.5896 2
  33.5131 -116.2084 2
  34.0981 -116.8003 2
  34.3902 -117.2335 2
  34.5574 -117.8082 2
  34.8084 -118.5908 2
  35.2816 -118.3563 2
  35.7015 -117.6315 2
  35.7408 -116.8749 2
  35.6507 -116.0760 2
  35.6055 -115.5007 2
  35.4288 -114.9541 2
  34.8222 -114.3040 2
  34.2733 -113.6402 2
  34.2041 -113.0323 2
  33.9229 -112.1600 2
  33.5935 -111.3857 2
  33.1658 -110.8253 2
  32.4911 -110.1895 2
  32.2505 -109.0165 2
  32.1779 -108.3454 2
  99.0000   99.0000 3
9999 9999,GPML,nolabel,none,black,byPlateId,1,0
 104 4500.0   -inf UN   0   0   0     0
  28.6424 -110.2131 3
  28.2306 -109.5683 2
  27.8898 -108.6987 2
  27.4821 -107.7346 2
  27.2823 -107.2049 2
  27.1013 -106.5854 2
  26.6554 -105.6161 2
  26.3764 -104.8745 2
  26.1015 -103.6868 2
  25.7629 -103.0783 2
  25.6597 -102.3570 2
  25.5661 -101.5797 2
  25.6116 -101.0080 2
  25.6539 -100.1911 2
  25.0928  -99.9498 2
  24.4156  -99.7223 2
  23.6932  -99.4728 2
  22.9561  -99.1787 2
  22.4031  -98.9608 2
  21.8155  -98.6313 2
  21.1723  -98.2464 2
  20.4462  -97.7728 2
  19.6111  -97.3451 2
  18.7644  -96.7215 2
  18.4506  -96.3049 2
  17.9835  -95.6155 2
  17.5909  -94.9813 2
  17.5200  -94.3392 2
  16.8645  -93.9139 2
  16.6338  -93.2332 2
  16.0823  -92.7037 2
  15.7835  -93.4103 2
  15.6754  -94.3276 2
  15.4943  -95.0422 2
  15.5547  -95.4959 2
  15.6802  -96.1050 2
  15.5920  -96.6940 2
  15.5313  -97.5265 2
  15.8386  -98.4453 2
  16.0533  -99.0472 2
  16.2245  -99.6579 2
  16.4305 -100.1810 2
  16.6054 -100.7780 2
  16.8123 -101.3307 2
  17.0018 -101.9647 2
  17.2447 -102.5463 2
  17.5664 -103.2406 2
  17.8920 -103.7258 2
  18.2872 -104.5361 2
  18.7467 -105.0869 2
  18.9895 -105.6642 2
  19.6360 -106.1374 2
  20.2472 -106.3817 2
  20.7150 -106.4525 2
  21.2018 -106.0379 2
  21.6796 -106.3480 2
  22.2062 -106.3185 2
  22.8087 -106.5809 2
  23.3609 -107.0881 2
  23.9305 -107.8703 2
  24.3595 -108.3260 2
  24.8407 -108.7138 2
  25.2555 -109.0026 2
  25.7304 -109.3342 2
  26.1133 -109.8095 2
  26.6611 -110.3215 2
  27.1667 -110.7015 2
  27.6111 -111.3694 2
  27.9321 -111.8536 2
  28.3617 -112.1621 2
  28.1293 -112.4391 2
  28.7790 -112.9536 2
  29.4311 -113.4234 2
  29.8420 -113.7288 2
  30.3059 -113.9951 2
  30.9467 -114.4419 2
  31.3728 -114.6944 2
  31.7548 -114.7878 2
  31.6581 -114.4110 2
  31.5999 -114.0533 2
  31.3058 -113.6480 2
  30.8295 -113.2113 2
  30.3650 -112.7352 2
  30.0456 -112.3694 2
  29.5800 -111.6525 2
  29.1822 -111.0468 2
  28.6424 -110.2131 2
  99.0000   99.0000 3
9999 9999,GPML,nolabel,none,black,byPlateId,1,0
 104    0.0    0.0 UN   0   0   0     0
  21.2018 -106.0379 3
  20.7150 -106.4525 2
  21.6821 -106.8225 2
  22.2985 -107.3253 2
  22.7260 -108.0138 2
  23.2245 -108.4853 2
  23.7579 -108.7002 2
  24.3864 -109.1999 2
  25.2942 -109.8649 2
  25.7407 -110.2328 2
  26.1782 -110.7581 2
  26.4322 -111.2386 2
  26.9667 -111.6997 2
  27.6111 -111.3694 2
  27.1667 -110.7015 2
  26.6611 -110.3215 2
  26.1133 -109.8095 2
  25.7304 -109.3342 2
  25.2555 -109.0026 2
  24.8407 -108.7138 2
  24.3595 -108.3260 2
  23.9305 -107.8703 2
  23.3609 -107.0881 2
  22.8087 -106.5809 2
  22.2062 -106.3185 2
  21.6796 -106.3480 2
  21.2018 -106.0379 2
  99.0000   99.0000 3
9999 9999,GPML,nolabel,none,black,byPlateId,1,0
 105    0.0    0.0 UN   0   0   0     0
  23.7579 -108.7002 3
  23.2245 -108.4853 2
  23.4559 -109.2022 2
  23.7630 -109.4678 2
  24.0667 -109.7259 2
  24.4373 -109.9977 2
  24.9056 -110.3886 2
  25.6270 -110.8055 2
  26.4322 -111.2386 2
  26.1782 -110.7581 2
  25.7407 -110.2328 2
  25.2942 -109.8649 2
  24.3864 -109.1999 2
  23.7579 -108.7002 2
  99.0000   99.0000 3
9999 9999,GPML,nolabel,none,black,byPlateId,1,0
 104    0.0    0.0 UN   0   0   0     0
  28.3617 -112.1621 3
  27.9321 -111.8536 2
  28.1293 -112.4391 2
  28.3617 -112.1621 2
  99.0000   99.0000 3
9999 9999,GPML,nolabel,none,black,byPlateId,1,0
 127  245.0   -inf UN   0   0   0     0
  62.7457 -137.2376 3
  62.6861 -136.5894 2
  62.8417 -135.8158 2
  62.4249 -134.9264 2
  62.3686 -134.0063 2
  61.7338 -133.7880 2
  61.1487 -133.5616 2
  60.7625 -133.1928 2
  60.4628 -132.7175 2
  60.2492 -132.1843 2
  59.8818 -131.5255 2
  59.3521 -130.6011 2
  58.9424 -129.8421 2
  58.6410 -128.9241 2
  58.4736 -128.2666 2
  58.3823 -127.6860 2
  58.3960 -127.1563 2
  58.2818 -126.7303 2
  57.8104 -126.1179 2
  57.4506 -125.7440 2
  56.9416 -125.1564 2
  56.5554 -124.6522 2
  56.0318 -124.1074 2
  55.4189 -123.5754 2
  54.9386 -123.0913 2
  54.3523 -122.8105 2
  53.9339 -122.6387 2
  53.4392 -122.2273 2
  52.9575 -121.5356 2
  52.5904 -120.9706 2
  51.9788 -120.4041 2
  51.3599 -119.9944 2
  50.7515 -119.7972 2
  50.2620 -119.7211 2
  49.8466 -119.6270 2
  49.3620 -119.5506 2
  48.5077 -119.4764 2
  47.7241 -119.5953 2
  47.4917 -120.1397 2
  47.4810 -120.7979 2
  47.7769 -121.4625 2
  48.6486 -121.7514 2
  49.5982 -121.8626 2
  50.3319 -122.2176 2
  50.8180 -122.8706 2
  51.1796 -123.5926 2
  51.7074 -124.5975 2
  52.2157 -125.6362 2
  52.5780 -126.5598 2
  52.7908 -127.3961 2
  53.0096 -128.2716 2
  53.3547 -129.1337 2
  53.6289 -129.7282 2
  54.0996 -130.3808 2
  54.4365 -130.7948 2
  54.8742 -131.2500 2
  55.4314 -131.9558 2
  56.2027 -132.5604 2
  56.9018 -133.0906 2
  57.4466 -133.6962 2
  58.1051 -134.3107 2
  58.5114 -135.0140 2
  58.9082 -135.3813 2
  59.3880 -135.8084 2
  59.7713 -136.2823 2
  60.1980 -136.8895 2
  60.5146 -137.4541 2
  60.8631 -137.9787 2
  61.2740 -138.7540 2
  61.7282 -139.6850 2
  62.1233 -140.6004 2
  62.3830 -141.3674 2
  62.7924 -141.7894 2
  62.9618 -140.7272 2
  62.9166 -139.7986 2
  62.9028 -139.0373 2
  62.8745 -138.4556 2
  62.8101 -137.8186 2
  62.7457 -137.2376 2
  99.0000   99.0000 3
9999 9999,GPML,nolabel,none,black,byPlateId,1,0
 128  245.0   -inf UN   0   0   0     0
  53.0096 -128.2716 3
  52.7908 -127.3961 2
  52.5780 -126.5598 2
  52.2157 -125.6362 2
  51.7074 -124.5975 2
  51.1796 -123.5926 2
  50.8180 -122.8706 2
  50.3319 -122.2176 2
  49.5982 -121.8626 2
  49.2483 -122.2349 2
  48.8314 -122.6391 2
  48.5902 -123.1413 2
  48.5055 -123.7922 2
  48.4839 -124.7221 2
  48.5202 -125.2181 2
  48.5928 -125.8788 2
  48.8576 -126.4305 2
  49.1754 -126.8848 2
  49.5338 -127.2785 2
  49.8954 -127.7201 2
  50.1811 -128.1630 2
  50.6019 -128.8081 2
  51.2796 -129.2947 2
  51.7186 -129.7811 2
  52.2942 -129.8686 2
  52.7231 -129.9995 2
  52.8428 -130.4865 2
  52.1574 -130.7333 2
  51.9082 -131.2890 2
  52.2153 -131.9042 2
  52.5877 -132.3257 2
  52.9281 -132.7213 2
  53.4300 -133.1897 2
  54.0758 -133.7142 2
  54.3315 -134.1577 2
  54.6239 -134.3089 2
  54.8356 -134.4299 2
  55.0392 -134.5260 2
  55.5412 -134.6334 2
  56.1561 -134.5230 2
  56.8596 -134.5511 2
  57.5039 -134.7591 2
  58.0225 -134.9283 2
  58.5114 -135.0140 2
  58.1051 -134.3107 2
  57.4466 -133.6962 2
  56.9018 -133.0906 2
  56.2027 -132.5604 2
  55.4314 -131.9558 2
  54.8742 -131.2500 2
  54.4365 -130.7948 2
  54.0996 -130.3808 2
  53.6289 -129.7282 2
  53.3547 -129.1337 2
  53.0096 -128.2716 2
  99.0000   99.0000 3
9999 9999,GPML,nolabel,none,black,byPlateId,1,0
 125  245.0   -inf UN   0   0   0     0
  61.7282 -139.6850 3
  61.2740 -138.7540 2
  60.8631 -137.9787 2
  60.5146 -137.4541 2
  60.1980 -136.8895 2
  59.7713 -136.2823 2
  59.3880 -135.8084 2
  58.9082 -135.3813 2
  58.5114 -135.0140 2
  58.0225 -134.9283 2
  57.5039 -134.7591 2
  56.8596 -134.5511 2
  56.1561 -134.5230 2
  55.4505 -135.0952 2
  55.8941 -135.4783 2
  56.5747 -135.7860 2
  57.0497 -136.2515 2
  57.4115 -136.5854 2
  57.7137 -137.0670 2
  57.9542 -137.8112 2
  58.1743 -138.3115 2
  58.6051 -138.2322 2
  59.1944 -138.5004 2
  59.8586 -138.9909 2
  60.3791 -139.6913 2
  60.7742 -140.3887 2
  60.8902 -141.1646 2
  61.0412 -141.9790 2
  61.3171 -143.0652 2
  61.4439 -143.7065 2
  61.5387 -144.4772 2
  61.6390 -145.3263 2
  61.7135 -146.4222 2
  61.6862 -147.3637 2
  61.6258 -148.0818 2
  61.5005 -148.6557 2
  61.3269 -149.3763 2
  60.9109 -150.2363 2
  60.3628 -151.1327 2
  59.8178 -151.7600 2
  59.3941 -152.1158 2
  58.9367 -152.6514 2
  58.5209 -153.2981 2
  58.1763 -153.7977 2
  57.7472 -154.2988 2
  57.2902 -154.9796 2
  57.0681 -155.5103 2
  56.7108 -156.2898 2
  56.4421 -156.8661 2
  56.0299 -157.8593 2
  55.7569 -158.5475 2
  55.4821 -159.2470 2
  55.2370 -159.8786 2
  54.9073 -160.6350 2
  54.5819 -161.3401 2
  54.3885 -161.8725 2
  54.2065 -162.6354 2
  54.0234 -163.3648 2
  53.9221 -164.0796 2
  53.8134 -164.7200 2
  53.7243 -165.3319 2
  53.6206 -165.7762 2
  53.5036 -166.2710 2
  53.3641 -166.7253 2
  53.8794 -166.6790 2
  54.3443 -166.8223 2
  54.4959 -166.8427 2
  54.6356 -166.8427 2
  54.8515 -166.8427 2
  55.0245 -166.8464 2
  55.4556 -166.1244 2
  55.7035 -165.6494 2
  56.0022 -165.0056 2
  56.3852 -164.3152 2
  56.9897 -163.3182 2
  57.4052 -162.5600 2
  57.7573 -162.0380 2
  58.1825 -161.4753 2
  58.7263 -160.7160 2
  59.0868 -160.1862 2
  59.4964 -159.6627 2
  59.9125 -159.1054 2
  60.3482 -158.5979 2
  60.8824 -158.0771 2
  61.3319 -157.4515 2
  61.6210 -156.8629 2
  61.8621 -156.1968 2
  62.0435 -155.5544 2
  62.2569 -154.7097 2
  62.5609 -153.6445 2
  62.7783 -152.7828 2
  62.9439 -152.1070 2
  63.0883 -151.4205 2
  63.2014 -150.7011 2
  63.3188 -149.8808 2
  63.3765 -148.7762 2
  63.4530 -147.9513 2
  63.5029 -147.3678 2
  63.4384 -146.4228 2
  63.3485 -145.4449 2
  63.2133 -144.5743 2
  63.0731 -143.8383 2
  62.9161 -143.2231 2
  62.8402 -142.6172 2
  62.7924 -141.7894 2
  62.3830 -141.3674 2
  62.1233 -140.6004 2
  61.7282 -139.6850 2
  99.0000   99.0000 3
9999 9999,GPML,nolabel,none,black,byPlateId,1,0
 126  145.0   -inf UN   0   0   0     0
  59.8586 -138.9909 3
  59.1944 -138.5004 2
  58.6051 -138.2322 2
  58.1743 -138.3115 2
  58.3262 -139.1468 2
  58.4924 -139.8369 2
  58.7027 -140.4545 2
  58.9220 -141.0554 2
  59.3319 -141.7868 2
  59.5945 -142.5505 2
  59.7835 -143.3941 2
  59.7557 -144.1283 2
  59.6856 -144.7794 2
  59.6104 -145.5817 2
  59.5343 -146.2441 2
  59.4718 -146.8109 2
  59.2970 -147.5509 2
  59.1456 -148.4864 2
  58.7873 -148.9161 2
  58.5973 -148.7927 2
  58.1473 -149.4014 2
  58.0615 -149.9041 2
  57.9808 -150.3274 2
  57.4369 -150.9074 2
  57.1333 -151.5889 2
  56.7098 -152.3249 2
  56.3741 -153.1320 2
  56.2927 -153.5760 2
  56.1803 -154.1045 2
  56.0488 -154.6333 2
  55.8883 -155.1179 2
  55.6508 -155.7998 2
  55.5513 -156.7288 2
  55.4404 -156.9909 2
  55.1787 -157.6004 2
  55.0345 -158.1799 2
  54.8956 -158.6751 2
  54.7633 -159.2487 2
  54.6595 -159.7937 2
  54.5427 -160.3839 2
  54.5029 -160.8620 2
  54.5819 -161.3401 2
  54.9073 -160.6350 2
  55.2370 -159.8786 2
  55.4821 -159.2470 2
  55.7569 -158.5475 2
  56.0299 -157.8593 2
  56.4421 -156.8661 2
  56.7108 -156.2898 2
  57.0681 -155.5103 2
  57.2902 -154.9796 2
  57.7472 -154.2988 2
  58.1763 -153.7977 2
  58.5209 -153.2981 2
  58.9367 -152.6514 2
  59.3941 -152.1158 2
  59.8178 -151.7600 2
  60.3628 -151.1327 2
  60.9109 -150.2363 2
  61.3269 -149.3763 2
  61.5005 -148.6557 2
  61.6258 -148.0818 2
  61.6862 -147.3637 2
  61.7135 -146.4222 2
  61.6390 -145.3263 2
  61.5387 -144.4772 2
  61.4439 -143.7065 2
  61.3171 -143.0652 2
  61.0412 -141.9790 2
  60.8902 -141.1646 2
  60.7742 -140.3887 2
  60.3791 -139.6913 2
  59.8586 -138.9909 2
  99.0000   99.0000 3
9999 9999,GPML,nolabel,none,black,byPlateId,1,0
 123  115.0   -inf UN   0   0   0     0
  62.8417 -135.8158 3
  62.6861 -136.5894 2
  62.7457 -137.2376 2
  62.8101 -137.8186 2
  62.8745 -138.4556 2
  62.9028 -139.0373 2
  62.9166 -139.7986 2
  62.9618 -140.7272 2
  62.7924 -141.7894 2
  62.8402 -142.6172 2
  62.9161 -143.2231 2
  63.0731 -143.8383 2
  63.2133 -144.5743 2
  63.3485 -145.4449 2
  63.4384 -146.4228 2
  63.5029 -147.3678 2
  63.4530 -147.9513 2
  63.3765 -148.7762 2
  63.3188 -149.8808 2
  63.2014 -150.7011 2
  63.0883 -151.4205 2
  62.9439 -152.1070 2
  62.7783 -152.7828 2
  62.5609 -153.6445 2
  62.2569 -154.7097 2
  62.0435 -155.5544 2
  61.8621 -156.1968 2
  61.6210 -156.8629 2
  61.3319 -157.4515 2
  60.8824 -158.0771 2
  60.3482 -158.5979 2
  59.9125 -159.1054 2
  59.4964 -159.6627 2
  59.0868 -160.1862 2
  58.7263 -160.7160 2
  58.1825 -161.4753 2
  57.7573 -162.0380 2
  57.4052 -162.5600 2
  56.9897 -163.3182 2
  56.3852 -164.3152 2
  56.0022 -165.0056 2
  55.7035 -165.6494 2
  55.4556 -166.1244 2
  55.0245 -166.8464 2
  55.3065 -167.4934 2
  56.0058 -168.1494 2
  56.0975 -168.6826 2
  56.3411 -169.2155 2
  56.7018 -169.4330 2
  57.0383 -170.0582 2
  57.3510 -170.6392 2
  57.6331 -171.1256 2
  57.9067 -171.7345 2
  58.0260 -170.7689 2
  58.2280 -169.7906 2
  58.4280 -168.6330 2
  58.6045 -167.6887 2
  58.8835 -166.5072 2
  59.1618 -165.6392 2
  59.3877 -164.9850 2
  59.7601 -164.1336 2
  60.0135 -163.4266 2
  60.3003 -162.7486 2
  60.5136 -162.2066 2
  60.9157 -161.4253 2
  61.2108 -160.7246 2
  61.5030 -160.0239 2
  61.8124 -159.0315 2
  62.2177 -157.9586 2
  62.5052 -157.1458 2
  62.7238 -156.4577 2
  62.9917 -155.7572 2
  63.2270 -155.0910 2
  63.5441 -154.1317 2
  63.8383 -153.2625 2
  64.1151 -152.4495 2
  64.2399 -151.9649 2
  64.4920 -151.3877 2
  64.7308 -150.4636 2
  64.8997 -149.8099 2
  65.0252 -149.2020 2
  65.5020 -148.3257 2
  65.3855 -147.7147 2
  65.5459 -147.1171 2
  65.9114 -146.6699 2
  65.6565 -145.8935 2
  65.5229 -144.9897 2
  65.3559 -144.0978 2
  65.1786 -143.2285 2
  64.9861 -142.4380 2
  64.8648 -141.8586 2
  64.6214 -140.9292 2
  64.3161 -139.6821 2
  64.0438 -138.8653 2
  63.8184 -138.0530 2
  63.6222 -137.4976 2
  63.4062 -136.7578 2
  62.8417 -135.8158 2
  99.0000   99.0000 3
9999 9999,GPML,nolabel,none,black,byPlateId,1,0
 121  115.0   -inf UN   0   0   0     0
  67.1502 -147.4230 3
  66.9439 -146.4176 2
  66.6176 -145.5135 2
  66.2715 -146.2705 2
  65.9114 -146.6699 2
  65.9758 -147.4671 2
  65.8646 -147.8327 2
  65.5020 -148.3257 2
  65.6070 -148.9992 2
  65.4797 -149.6244 2
  65.3547 -150.3672 2
  65.2110 -151.2673 2
  65.1130 -151.9813 2
  65.0488 -152.9522 2
  64.9721 -153.8058 2
  64.8569 -154.6098 2
  64.6940 -155.5776 2
  64.5958 -156.1683 2
  64.4424 -156.9173 2
  64.2932 -157.6998 2
  64.1746 -158.4086 2
  64.0288 -159.1910 2
  63.8951 -160.0794 2
  63.7837 -160.8413 2
  63.9391 -161.7601 2
  64.8146 -161.2921 2
  65.7617 -161.3740 2
  66.4031 -161.0116 2
  66.8424 -160.4197 2
  67.0953 -159.8063 2
  67.1691 -159.1715 2
  67.1833 -158.3760 2
  67.1744 -157.2785 2
  67.0968 -156.3622 2
  67.0365 -155.5014 2
  67.0819 -154.8170 2
  67.1227 -154.1327 2
  67.1287 -153.4493 2
  67.1704 -152.4458 2
  67.2155 -151.2798 2
  67.2340 -150.4785 2
  67.2388 -149.4647 2
  67.2430 -148.3613 2
  67.1502 -147.4230 2
  99.0000   99.0000 3
9999 9999,GPML,nolabel,none,black,byPlateId,1,0
 103 4500.0   -inf UN   0   0   0     0
  72.5516  180.0000 3
  69.6318  180.0000 2
  72.5530  179.9853 2
  72.5516  180.0000 2
  99.0000   99.0000 3
9999 9999,GPML,nolabel,none,black,byPlateId,1,0
 103 4500.0   -inf UN   0   0   0     0
  69.6318 -180.0000 3
  72.5516 -180.0000 2
  72.4171 -178.6295 2
  72.3086 -177.8282 2
  72.2048 -177.1325 2
  72.1192 -176.4822 2
  72.0690 -175.8975 2
  72.0262 -175.1857 2
  71.9907 -174.5802 2
  71.9424 -173.7742 2
  71.9056 -173.2529 2
  71.8602 -172.4984 2
  71.8302 -171.8552 2
  71.7867 -170.9713 2
  71.7576 -170.1229 2
  71.7576 -170.1229 2
  71.7289 -169.3226 2
  71.7308 -168.6828 2
  71.7361 -168.0282 2
  71.7257 -167.0619 2
  71.7439 -166.2629 2
  71.7848 -165.4506 2
  71.7942 -164.7039 2
  71.8161 -163.5803 2
  71.8517 -162.4547 2
  71.8956 -161.7532 2
  71.9341 -160.9620 2
  71.9853 -160.2157 2
  72.0327 -159.2841 2
  72.0758 -158.2668 2
  72.0950 -157.3751 2
  72.1133 -156.8730 2
  72.2764 -156.0665 2
  72.1830 -155.3350 2
  72.1524 -154.9180 2
  72.0749 -154.2847 2
  71.9978 -153.6392 2
  71.9237 -153.0450 2
  71.8344 -152.2858 2
  71.7143 -151.4482 2
  71.5724 -150.8032 2
  71.3599 -149.8187 2
  71.1408 -148.6770 2
  70.9848 -147.6953 2
  70.8801 -146.6874 2
  70.8069 -145.8471 2
  70.7844 -145.2662 2
  70.7543 -144.4283 2
  70.6816 -143.5025 2
  70.6158 -142.5632 2
  70.5334 -141.9846 2
  70.4397 -141.3350 2
  70.3961 -140.6012 2
  70.3536 -139.6540 2
  70.3408 -138.8183 2
  70.1790 -138.1637 2
  69.7821 -137.4177 2
  69.4805 -136.9797 2
  68.8255 -137.0351 2
  68.1735 -137.4662 2
  67.8456 -138.3461 2
  67.6712 -139.3169 2
  67.5011 -140.0719 2
  67.2953 -140.8447 2
  67.1587 -141.4531 2
  66.9830 -142.2417 2
  66.8364 -142.9513 2
  66.6867 -143.6776 2
  66.5421 -144.7762 2
  66.6176 -145.5135 2
  66.9439 -146.4176 2
  67.1502 -147.4230 2
  67.2430 -148.3613 2
  67.2388 -149.4647 2
  67.2340 -150.4785 2
  67.2155 -151.2798 2
  67.1704 -152.4458 2
  67.1287 -153.4493 2
  67.1227 -154.1327 2
  67.0819 -154.8170 2
  67.0365 -155.5014 2
  67.0968 -156.3622 2
  67.1744 -157.2785 2
  67.1833 -158.3760 2
  67.1691 -159.1715 2
  67.0953 -159.8063 2
  66.8424 -160.4197 2
  66.4031 -161.0116 2
  65.7617 -161.3740 2
  64.8146 -161.2921 2
  63.9391 -161.7601 2
  63.6557 -162.5903 2
  63.4645 -163.2158 2
  63.3676 -163.6560 2
  63.2994 -164.1615 2
  63.2015 -164.8022 2
  63.1137 -165.5322 2
  63.0200 -166.1280 2
  62.9468 -166.8128 2
  62.9044 -167.5642 2
  62.8925 -168.2925 2
  62.8700 -168.9538 2
  62.8885 -169.6142 2
  62.9523 -170.1615 2
  63.1284 -170.8576 2
  63.3395 -171.7095 2
  63.4932 -172.3892 2
  63.6658 -173.0124 2
  63.8469 -173.5682 2
  64.0081 -174.3484 2
  64.1633 -175.0728 2
  64.3938 -176.0137 2
  64.7038 -176.8967 2
  64.8934 -177.6425 2
  65.0762 -178.2541 2
  65.2530 -178.8433 2
  65.6994 -179.9856 2
  69.6318 -180.0000 2
  99.0000   99.0000 3
9999 9999,GPML,nolabel,none,black,byPlateId,1,0
 102 4500.0   -inf UN   0   0   0     0
  84.4869  -18.1809 3
  84.3921  -18.9530 2
  84.3129  -19.6843 2
  84.2463  -20.2916 2
  84.1571  -21.1764 2
  83.8696  -21.7533 2
  83.5386  -20.8403 2
  83.4175  -20.3627 2
  83.3234  -19.3847 2
  83.2410  -18.5596 2
  83.1446  -17.4985 2
  83.0063  -16.3601 2
  82.8435  -15.4252 2
  82.5437  -14.1571 2
  82.4138  -13.5416 2
  82.2954  -12.8669 2
  82.2044  -12.2987 2
  82.0555  -11.2226 2
  81.9313  -10.3289 2
  81.8248   -9.4910 2
  81.6795   -8.6902 2
  81.5090   -7.8769 2
  81.3314   -7.0871 2
  81.1229   -6.2426 2
  80.9087   -5.5890 2
  80.6685   -5.0499 2
  80.1918   -4.5874 2
  79.8809   -4.2542 2
  79.3763   -4.0918 2
  78.8418   -4.0436 2
  77.9997   -4.0183 2
  77.2173   -4.4382 2
  76.9028   -5.0428 2
  76.7356   -5.5127 2
  76.6177   -5.9408 2
  76.2780   -6.8477 2
  76.0816   -7.5808 2
  75.8162   -8.5265 2
  75.6146   -9.3357 2
  75.4118  -10.1030 2
  75.1721  -10.9647 2
  74.9372  -11.6646 2
  74.7346  -12.4396 2
  74.5213  -12.9492 2
  74.3196  -13.3814 2
  73.9702  -14.1364 2
  73.6879  -14.8692 2
  73.1242  -15.5669 2
  72.6846  -16.2301 2
  72.3720  -16.8736 2
  72.1174  -17.3975 2
  71.7890  -17.8732 2
  71.4098  -18.4550 2
  71.2402  -18.9608 2
  71.1886  -19.7408 2
  71.2005  -20.6530 2
  70.8203  -21.2996 2
  70.2222  -21.9272 2
  69.9043  -22.5333 2
  69.6431  -23.1262 2
  69.4225  -23.6709 2
  69.1025  -24.5249 2
  68.8832  -25.2969 2
  68.7020  -25.9229 2
  68.5762  -26.5618 2
  68.5623  -27.0542 2
  68.5291  -27.5368 2
  68.4493  -28.3004 2
  68.3595  -28.8640 2
  68.2782  -29.5038 2
  68.0742  -30.3362 2
  67.9203  -31.0457 2
  67.7412  -31.7183 2
  67.5481  -32.2005 2
  67.2705  -32.7908 2
  66.8513  -33.5088 2
  66.4835  -34.2063 2
  66.2283  -34.7769 2
  65.8607  -35.6761 2
  65.5524  -36.4980 2
  65.3440  -37.0400 2
  65.3451  -37.7138 2
  65.2113  -38.2854 2
  64.9276  -38.7125 2
  64.6299  -39.1827 2
  64.2716  -39.7588 2
  63.8711  -40.2775 2
  63.4567  -40.7267 2
  62.9737  -41.2794 2
  62.3473  -41.7352 2
  61.5851  -41.8578 2
  61.0929  -42.0101 2
  60.4326  -42.3927 2
  59.7924  -43.0003 2
  59.5140  -43.6801 2
  59.4100  -44.2483 2
  59.4050  -45.0105 2
  59.5058  -45.7661 2
  59.8959  -46.3690 2
  60.1499  -46.9728 2
  60.2468  -47.6765 2
  60.4536  -48.3626 2
  60.7986  -48.9393 2
  61.1757  -49.6914 2
  61.5312  -50.3878 2
  61.9495  -50.4818 2
  62.3683  -50.9109 2
  62.6560  -51.7154 2
  63.0451  -52.3020 2
  63.4734  -52.6417 2
  64.0014  -52.8406 2
  64.5307  -52.8629 2
  64.8416  -53.0915 2
  64.4418  -53.4529 2
  64.4437  -53.9881 2
  64.9237  -54.7046 2
  65.3790  -55.2207 2
  65.7116  -55.6134 2
  66.1999  -56.0712 2
  66.8230  -56.4458 2
  67.2898  -56.5804 2
  67.9872  -56.6292 2
  68.6553  -56.4729 2
  69.4370  -56.6739 2
  69.9289  -56.8670 2
  70.4321  -56.3909 2
  71.0494  -55.9444 2
  71.3808  -56.3909 2
  71.7696  -56.9944 2
  72.0656  -57.6117 2
  72.4546  -58.1939 2
  72.8900  -58.5936 2
  73.4750  -58.9188 2
  73.8198  -59.3569 2
  74.0260  -59.7577 2
  74.2543  -60.1774 2
  74.4280  -60.6425 2
  74.6676  -61.3369 2
  74.8069  -61.8946 2
  74.8985  -62.7130 2
  74.9485  -63.1981 2
  75.0346  -63.9076 2
  75.2160  -64.6697 2
  75.5090  -65.6563 2
  75.6710  -66.7034 2
  75.7170  -67.3301 2
  75.8550  -68.1382 2
  75.9779  -68.8012 2
  76.0826  -69.5049 2
  76.2420  -70.4016 2
  76.4828  -71.4317 2
  76.6054  -71.9420 2
  76.6641  -72.4852 2
  76.6745  -73.0315 2
  76.8915  -73.7760 2
  77.0527  -74.6670 2
  77.3631  -76.0790 2
  77.8759  -75.2946 2
  78.2165  -74.7225 2
  78.6849  -73.6912 2
  79.0760  -72.8215 2
  79.3989  -71.8724 2
  79.6636  -70.9944 2
  79.9236  -70.1971 2
  80.1792  -69.3211 2
  80.4479  -68.3602 2
  80.6378  -67.6570 2
  80.8189  -66.9223 2
  81.0163  -66.1526 2
  81.2122  -65.3482 2
  81.4049  -64.3376 2
  81.5756  -63.3743 2
  81.7792  -62.2385 2
  81.9499  -61.3021 2
  82.1189  -60.3796 2
  82.3462  -59.1992 2
  82.5321  -58.0133 2
  82.6897  -56.8993 2
  82.8356  -55.5894 2
  82.9931  -54.1663 2
  83.1683  -52.4612 2
  83.3167  -51.0398 2
  83.4561  -49.5520 2
  83.6261  -47.4591 2
  83.7614  -45.7566 2
  83.9235  -43.7920 2
  84.0890  -41.5996 2
  84.4300  -39.7663 2
  84.4175  -38.1301 2
  84.5140  -37.3045 2
  84.5591  -36.3104 2
  84.5865  -35.5104 2
  84.6202  -34.6195 2
  84.6397  -33.7316 2
  84.7082  -32.5102 2
  84.7601  -31.6892 2
  84.8395  -30.5700 2
  84.9223  -29.1055 2
  84.9300  -27.5958 2
  84.9433  -26.7505 2
  85.0777  -24.7818 2
  85.2007  -22.2616 2
  85.2652  -20.4237 2
  85.2872  -19.8030 2
  85.4152  -18.3609 2
  85.4584  -17.3605 2
  85.4769  -16.2311 2
  85.4642  -14.9188 2
  85.4586  -14.1729 2
  85.4208  -13.1686 2
  85.0443  -13.3759 2
  84.9401  -14.2413 2
  84.7883  -15.3798 2
  84.6273  -16.8223 2
  84.4869  -18.1809 2
  99.0000   99.0000 3
9999 9999,GPML,nolabel,none,black,byPlateId,1,0
 103 4500.0   -inf UN   0   0   0     0
  72.8873  173.1738 3
  72.8694  174.0246 2
  72.8737  175.1512 2
  72.8578  176.1245 2
  72.8602  176.7309 2
  72.8026  177.6100 2
  72.6915  178.5844 2
  72.6117  179.4595 2
  65.6695  179.7532 2
  65.8136  178.9254 2
  66.0201  177.9076 2
  66.1682  177.2365 2
  66.3109  176.4814 2
  66.4664  175.6369 2
  66.5717  175.1056 2
  66.6821  174.4578 2
  66.8478  173.9817 2
  66.8408  173.5562 2
  66.8632  172.8287 2
  66.9299  171.8886 2
  66.9654  171.2395 2
  66.9879  170.3887 2
  67.0409  169.6949 2
  67.1373  168.9677 2
  67.2203  168.3411 2
  67.3288  167.6475 2
  67.4458  166.8756 2
  67.5533  166.2268 2
  67.7901  165.3938 2
  68.1584  164.1529 2
  68.5084  163.3540 2
  68.8087  162.7509 2
  69.0587  162.2035 2
  69.2862  161.4265 2
  69.5708  160.6579 2
  69.9225  161.1635 2
  70.2039  161.5333 2
  70.4718  161.8849 2
  70.8172  162.2763 2
  71.1873  162.6974 2
  71.6438  163.2706 2
  72.2512  163.7652 2
  72.8840  164.1801 2
  72.9220  164.6364 2
  72.9111  165.2104 2
  72.8691  166.0363 2
  72.9268  167.2661 2
  72.9574  168.1059 2
  72.9873  168.9412 2
  73.0017  169.8771 2
  72.9692  171.0618 2
  72.9314  171.9263 2
  72.9061  172.4993 2
  72.8873  173.1738 2
  99.0000   99.0000 3
9999 9999,GPML,nolabel,none,black,byPlateId,1,0
 117  245.0   -inf UN   0   0   0     0
  73.3975  180.0000 3
  72.6378  180.0000 2
  72.6401  179.9853 2
  73.3975  180.0000 2
  99.0000   99.0000 3
9999 9999,GPML,nolabel,none,black,byPlateId,1,0
 117  245.0   -inf UN   0   0   0     0
  72.6378 -180.0000 3
  73.3975 -180.0000 2
  76.3573 -179.9275 2
  76.2650 -178.6479 2
  76.1857 -177.9813 2
  76.1182 -177.3608 2
  76.0596 -176.7703 2
  76.0596 -176.7703 2
  76.0090 -176.3328 2
  76.0781 -175.9412 2
  75.9065 -175.2869 2
  75.8548 -174.6447 2
  75.8154 -174.0572 2
  75.7731 -173.2641 2
  75.7380 -172.4907 2
  75.4077 -171.8232 2
  75.3065 -171.1482 2
  75.2117 -170.3716 2
  75.0883 -169.6250 2
  75.0161 -169.0105 2
  74.9275 -168.4398 2
  74.8777 -167.9577 2
  74.8633 -167.4248 2
  74.9169 -167.0140 2
  74.6609 -166.3514 2
  74.5498 -165.4936 2
  74.4591 -164.8463 2
  74.3526 -164.1841 2
  74.2352 -163.4647 2
  74.0973 -162.6709 2
  73.9418 -161.8271 2
  73.8396 -161.3008 2
  73.7944 -160.7591 2
  73.7722 -160.1616 2
  73.2441 -159.5618 2
  73.0963 -158.9580 2
  72.8490 -158.1881 2
  72.6757 -157.6005 2
  72.5032 -157.0488 2
  72.2764 -156.0665 2
  72.1133 -156.8730 2
  72.0950 -157.3751 2
  72.0758 -158.2668 2
  72.0327 -159.2841 2
  71.9853 -160.2157 2
  71.9341 -160.9620 2
  71.8956 -161.7532 2
  71.8517 -162.4547 2
  71.8161 -163.5803 2
  71.7942 -164.7039 2
  71.7848 -165.4506 2
  71.7439 -166.2629 2
  71.7257 -167.0619 2
  71.7361 -168.0282 2
  71.7308 -168.6828 2
  71.7289 -169.3226 2
  71.7576 -170.1229 2
  71.7867 -170.9713 2
  71.8302 -171.8552 2
  71.8602 -172.4984 2
  71.9056 -173.2529 2
  71.9424 -173.7742 2
  71.9907 -174.5802 2
  72.0262 -175.1857 2
  72.0690 -175.8975 2
  72.1192 -176.4822 2
  72.2048 -177.1325 2
  72.3086 -177.8282 2
  72.4171 -178.6295 2
  72.6378 -180.0000 2
  99.0000   99.0000 3
9999 9999,GPML,nolabel,none,black,byPlateId,1,0
 117  245.0   -inf UN   0   0   0     0
  80.1640  150.7593 3
  80.0917  151.2750 2
  80.1430  152.2010 2
  80.1351  153.0742 2
  80.1082  153.7637 2
  80.1505  154.3884 2
  80.0904  155.2491 2
  80.0604  156.1079 2
  80.0244  156.8994 2
  79.9813  157.9704 2
  79.9214  158.8384 2
  79.8697  159.3840 2
  79.7821  160.1583 2
  79.6878  160.8948 2
  79.5570  162.0302 2
  79.4100  162.9769 2
  79.2752  163.7187 2
  79.1404  164.3849 2
  79.0181  165.1465 2
  78.8974  165.8999 2
  78.8210  166.6402 2
  78.4473  167.7980 2
  78.2411  168.8325 2
  78.0391  169.9543 2
  77.9137  170.6298 2
  77.7853  171.3555 2
  77.5436  172.6566 2
  77.3198  173.6245 2
  77.0525  175.1072 2
  76.9363  175.9818 2
  76.8306  176.8809 2
  76.7563  177.4869 2
  76.6584  178.3174 2
  76.5774  178.8931 2
  76.4585  179.6308 2
  72.6117  179.4595 2
  72.6915  178.5844 2
  72.8026  177.6100 2
  72.8602  176.7309 2
  72.8578  176.1245 2
  72.8737  175.1512 2
  72.8694  174.0246 2
  72.8873  173.1738 2
  72.9061  172.4993 2
  72.9314  171.9263 2
  72.9692  171.0618 2
  73.0017  169.8771 2
  72.9873  168.9412 2
  72.9574  168.1059 2
  72.9268  167.2661 2
  72.8691  166.0363 2
  72.9111  165.2104 2
  72.9220  164.6364 2
  72.8840  164.1801 2
  73.0053  163.8415 2
  73.0955  163.2397 2
  73.2501  162.5273 2
  73.4221  161.7545 2
  73.5745  161.0842 2
  73.7051  160.4862 2
  73.8669  159.8241 2
  74.0463  159.1351 2
  74.2525  158.3374 2
  74.5161  157.4202 2
  74.7526  156.5515 2
  74.9555  155.7393 2
  75.1367  155.0228 2
  75.3161  154.2012 2
  75.4506  153.5572 2
  75.5641  152.8654 2
  75.6491  152.2172 2
  75.7493  151.4340 2
  75.8719  150.6299 2
  75.9626  149.8483 2
  76.0134  149.2258 2
  76.0886  148.4861 2
  76.1454  147.8929 2
  76.1966  147.2406 2
  76.2846  146.2461 2
  76.3624  145.5772 2
  76.4546  144.5787 2
  76.5313  143.7421 2
  76.5983  142.9526 2
  76.6574  142.0293 2
  76.6985  141.1110 2
  76.7455  140.1913 2
  76.7668  139.5542 2
  76.8040  138.6490 2
  76.8508  137.2995 2
  76.9177  135.8359 2
  76.9477  134.7723 2
  76.9336  133.8198 2
  76.9314  132.7127 2
  76.9604  131.6923 2
  76.6847  130.8078 2
  76.9585  130.2907 2
  76.9432  129.6724 2
  76.9501  128.9523 2
  76.9830  128.1243 2
  77.0171  127.4369 2
  77.0692  126.7765 2
  77.3286  125.9318 2
  77.5496  126.7865 2
  77.6342  127.6876 2
  77.7050  128.4596 2
  77.7534  128.9097 2
  77.8381  129.6192 2
  77.8973  130.1075 2
  77.9896  130.7457 2
  78.1829  131.3868 2
  78.3247  132.1205 2
  78.4624  132.6569 2
  78.5564  133.3356 2
  78.6740  134.2462 2
  78.7520  134.8877 2
  78.7952  135.5850 2
  78.8321  136.3264 2
  78.8819  137.0390 2
  78.9872  137.7647 2
  79.0672  138.2848 2
  79.2190  138.8621 2
  79.4852  139.3489 2
  79.3463  140.2393 2
  79.4637  141.3020 2
  79.5494  142.1834 2
  79.6319  143.1049 2
  79.6786  143.7167 2
  79.7286  144.7476 2
  79.7843  145.7775 2
  79.8430  146.9290 2
  79.8757  147.7813 2
  79.9139  148.8996 2
  79.9429  149.9889 2
  80.1640  150.7593 2
  99.0000   99.0000 3
9999 9999,GPML,nolabel,none,black,byPlateId,1,0
 114  245.0   -inf UN   0   0   0     0
  89.2702  162.6650 3
  89.0123  164.2599 2
  88.8084  162.6932 2
  88.8005  161.2292 2
  88.7916  159.9872 2
  88.7888  159.1295 2
  88.7773  157.4400 2
  88.7308  155.0994 2
  88.6898  154.6008 2
  88.5148  153.4172 2
  88.3450  152.1940 2
  88.2694  151.4834 2
  88.1332  150.1679 2
  88.0161  148.9251 2
  87.8851  147.6941 2
  87.7389  146.6458 2
  87.6640  146.0753 2
  87.5548  145.1239 2
  87.4429  144.3039 2
  87.2868  143.2591 2
  87.0389  142.6139 2
  86.3855  142.9287 2
  85.7313  143.4603 2
  85.5189  144.2900 2
  85.3446  145.4083 2
  85.1853  146.3186 2
  84.9964  147.5791 2
  84.8456  148.5463 2
  84.6735  149.5802 2
  84.6306  150.2063 2
  84.6082  151.0589 2
  84.5611  151.7311 2
  84.4139  152.4726 2
  83.9496  152.1917 2
  83.7735  151.4203 2
  83.7023  150.7986 2
  83.6547  149.9952 2
  83.6166  149.2684 2
  83.5524  148.3430 2
  83.4464  147.6524 2
  83.0365  147.0644 2
  82.7200  146.5622 2
  82.5040  145.8514 2
  82.1570  145.0891 2
  81.5617  144.6852 2
  80.9939  144.9822 2
  80.8290  145.5801 2
  80.7630  146.2957 2
  80.6532  147.2164 2
  80.5997  148.1450 2
  80.4670  148.9117 2
  80.4168  149.4700 2
  80.3807  150.3223 2
  80.1640  150.7593 2
  79.9429  149.9889 2
  79.9139  148.8996 2
  79.8757  147.7813 2
  79.8430  146.9290 2
  79.7843  145.7775 2
  79.7286  144.7476 2
  79.6786  143.7167 2
  79.6319  143.1049 2
  79.5494  142.1834 2
  79.4637  141.3020 2
  79.3463  140.2393 2
  79.4852  139.3489 2
  80.2935  139.4784 2
  80.9346  139.4511 2
  81.4411  139.3329 2
  82.0489  139.4241 2
  82.7522  139.4710 2
  83.6548  139.3578 2
  84.4279  139.2180 2
  84.8772  138.9074 2
  85.1810  138.4064 2
  85.4195  137.9161 2
  85.8042  137.4478 2
  86.1792  137.0641 2
  86.6446  136.3714 2
  87.0012  135.6582 2
  87.2123  135.2163 2
  87.5598  134.0620 2
  87.9343  133.0691 2
  88.4140  134.0793 2
  88.8270  133.5350 2
  89.0167  134.2698 2
  89.0303  134.9357 2
  89.0453  136.0337 2
  89.0499  136.7220 2
  89.0550  138.3817 2
  89.0583  139.5808 2
  89.0904  140.7626 2
  89.1157  141.5094 2
  89.1335  143.2506 2
  89.1541  144.7454 2
  89.1569  145.4281 2
  89.1539  146.9430 2
  89.1898  149.3153 2
  89.1882  149.9750 2
  89.1828  151.7484 2
  89.2001  154.5475 2
  89.2191  155.9748 2
  89.2380  157.4441 2
  89.2454  160.2833 2
  89.2702  162.6650 2
  99.0000   99.0000 3
9999 9999,GPML,nolabel,none,black,byPlateId,1,0
 114  245.0   -inf UN   0   0   0     0
  89.2482 -104.9134 3
  89.2218 -101.6647 2
  89.2324  -98.3457 2
  89.2224  -95.7113 2
  89.2206  -95.1008 2
  89.1760  -91.4118 2
  89.1812  -90.1576 2
  89.1881  -88.2099 2
  89.2054  -85.0296 2
  89.1832  -81.9308 2
  89.1843  -79.1918 2
  89.2076  -76.5405 2
  89.1854  -73.4830 2
  89.1408  -71.0657 2
  89.1240  -69.0110 2
  89.1151  -67.9806 2
  89.0908  -65.7443 2
  89.0826  -64.5812 2
  89.0748  -62.7034 2
  89.0708  -61.8871 2
  89.0624  -58.8554 2
  89.0452  -57.3113 2
  89.0357  -56.6682 2
  89.0208  -54.3555 2
  88.9987  -52.8890 2
  88.9460  -52.3633 2
  88.5638  -51.9009 2
  88.0925  -52.3846 2
  87.8797  -51.7238 2
  87.8238  -50.8072 2
  87.7194  -49.0224 2
  87.6198  -48.1489 2
  87.5368  -47.5848 2
  87.2466  -47.1041 2
  86.7819  -47.3285 2
  86.0834  -47.8060 2
  85.7247  -48.6541 2
  85.5512  -49.4970 2
  85.4298  -50.0275 2
  85.2520  -50.8571 2
  85.1612  -51.4378 2
  85.0781  -51.9442 2
  84.7671  -52.3983 2
  84.6782  -52.8940 2
  84.6812  -53.8600 2
  84.6740  -55.3446 2
  84.6994  -56.6925 2
  84.7217  -58.0525 2
  84.7598  -60.4084 2
  84.8027  -63.0058 2
  84.8381  -66.5237 2
  84.8593  -68.8924 2
  84.8749  -71.3826 2
  84.8659  -73.4647 2
  84.8558  -76.0604 2
  84.9752  -78.4865 2
  85.2642  -76.9671 2
  85.3338  -76.1841 2
  85.3678  -75.3639 2
  85.4836  -74.4927 2
  85.5212  -73.1144 2
  85.5520  -72.2852 2
  85.6218  -71.3202 2
  85.7058  -70.2390 2
  85.8126  -68.8149 2
  85.8893  -67.9907 2
  85.9787  -67.0235 2
  86.0407  -66.0786 2
  86.1261  -64.8823 2
  86.2399  -63.1903 2
  86.3271  -62.4967 2
  86.4242  -61.7573 2
  86.5102  -61.1088 2
  86.8880  -60.2909 2
  87.2033  -60.7642 2
  87.2627  -61.6252 2
  87.3168  -62.7485 2
  87.4249  -64.8093 2
  87.4629  -66.5430 2
  87.4686  -67.1802 2
  87.5627  -68.5797 2
  87.6245  -69.4991 2
  88.0764  -70.5294 2
  88.2922  -72.7683 2
  88.4101  -75.4706 2
  88.4776  -77.9948 2
  88.4371  -79.9385 2
  88.5828  -82.4491 2
  88.5812  -84.9193 2
  88.6501  -87.1291 2
  88.6002  -89.1293 2
  88.3547  -91.3823 2
  88.3258  -93.2804 2
  88.3435  -95.6716 2
  88.4372  -97.9702 2
  88.4883  -99.9560 2
  88.5445 -102.1213 2
  88.5491 -104.4457 2
  88.5511 -106.2873 2
  88.5939 -108.3744 2
  88.6355 -110.6188 2
  88.6905 -112.9413 2
  88.8607 -115.4551 2
  89.2443 -108.3213 2
  89.2813 -105.9456 2
  89.2482 -104.9134 2
  99.0000   99.0000 3
9999 9999,GPML,nolabel,none,black,byPlateId,1,0
 114  245.0   -inf UN   0   0   0     0
  89.0285 -129.1153 3
  89.0159 -130.9580 2
  89.0180 -132.5336 2
  89.0303 -133.8554 2
  89.0534 -135.3678 2
  89.0700 -138.2279 2
  89.0812 -139.8209 2
  89.0802 -140.6638 2
  89.0914 -141.7795 2
  89.0881 -144.3585 2
  89.1008 -145.1423 2
  89.1233 -146.5898 2
  89.1451 -148.1125 2
  89.1929 -149.3810 2
  89.1735 -151.6607 2
  89.1769 -152.8521 2
  89.1752 -153.7145 2
  89.1506 -155.3147 2
  89.1230 -157.2386 2
  89.1154 -160.0658 2
  89.1075 -161.5561 2
  89.0736 -162.3394 2
  89.0533 -163.9244 2
  89.0702 -164.7260 2
  89.0803 -166.2934 2
  89.0583 -167.3748 2
  89.0698 -168.0935 2
  89.0628 -170.1491 2
  89.0077 -172.3388 2
  88.9341 -175.1250 2
  88.9239 -177.3680 2
  88.9213 -178.4122 2
  88.8732 -179.7367 2
  88.8797  179.5795 2
  88.8595  178.8574 2
  88.8100  177.2527 2
  88.7570  174.5202 2
  88.7436  173.3788 2
  88.7485  171.2525 2
  88.7585  169.9690 2
  88.7678  168.6654 2
  88.7691  167.3847 2
  88.7829  166.2225 2
  88.7910  165.2858 2
  88.8136  163.8856 2
  88.8082  162.7450 2
  88.8890  163.2408 2
  89.0078  164.0505 2
  89.0469  164.1160 2
  89.1665  163.3421 2
  89.2381  162.9107 2
  89.2696  162.6430 2
  89.3366  166.9400 2
  89.4192  179.3446 2
  89.4435 -169.4314 2
  89.4343 -160.5372 2
  89.4591 -148.5140 2
  89.4775 -135.0574 2
  89.4676 -127.6342 2
  89.3603 -129.1356 2
  89.1934 -130.6360 2
  89.1490 -130.9915 2
  89.0263 -129.1736 2
  89.0285 -129.1153 2
  99.0000   99.0000 3
9999 9999,GPML,nolabel,none,black,byPlateId,1,0
 114  245.0   -inf UN   0   0   0     0
  89.1508 -131.0744 3
  89.4737 -127.8380 2
  89.4773 -124.3345 2
  89.4911 -123.3491 2
  89.4845 -120.2609 2
  89.4483 -117.7787 2
  89.4431 -115.7709 2
  89.4401 -114.9271 2
  89.4417 -111.9309 2
  89.2777 -106.7889 2
  88.8607 -115.4551 2
  88.8639 -116.8335 2
  88.9221 -117.3070 2
  88.9471 -118.2297 2
  88.9906 -119.8176 2
  88.9837 -122.0279 2
  88.9803 -122.6601 2
  88.9613 -124.6712 2
  88.9935 -126.8485 2
  89.0182 -128.5880 2
  89.0267 -129.1926 2
  89.1508 -131.0744 2
  99.0000   99.0000 3
9999 9999,GPML,nolabel,none,black,byPlateId,1,0
 101  165.0   -inf UN   0   0   0     0
  24.7979  -77.6715 3
  24.2617  -77.7436 2
  23.8247  -77.5019 2
  23.5606  -77.0302 2
  24.2406  -77.2395 2
  24.7979  -77.6715 2
  25.2731  -77.3600 2
  25.6437  -76.7619 2
  25.3631  -76.4058 2
  24.8261  -76.1769 2
  24.7616  -76.7165 2
  24.0553  -76.2453 2
  23.7723  -75.4875 2
  23.1013  -75.3627 2
  22.1364  -75.7527 2
  21.7655  -76.5260 2
  22.0323  -77.1222 2
  22.3795  -77.8611 2
  22.6431  -78.3690 2
  23.0860  -78.6740 2
  23.4903  -79.0523 2
  23.8833  -79.2226 2
  24.4213  -79.3587 2
  24.9124  -79.4154 2
  25.4737  -79.4549 2
  26.1508  -79.3059 2
  25.9720  -78.6867 2
  25.9305  -78.2549 2
  25.5265  -78.0529 2
  24.7979  -77.6715 2
  99.0000   99.0000 3
9999 9999,GPML,nolabel,none,black,byPlateId,1,0
 135  155.0   -inf UN   0   0   0     0
  17.5200  -94.3392 3
  17.5909  -94.9813 2
  17.9835  -95.6155 2
  18.4506  -96.3049 2
  18.7644  -96.7215 2
  19.6111  -97.3451 2
  20.4462  -97.7728 2
  21.1723  -98.2464 2
  21.8155  -98.6313 2
  22.4031  -98.9608 2
  22.9561  -99.1787 2
  23.6932  -99.4728 2
  24.4156  -99.7223 2
  25.0928  -99.9498 2
  25.6539 -100.1911 2
  26.1310 -100.2180 2
  26.5866 -100.3696 2
  27.1372 -100.5425 2
  27.7663 -100.5016 2
  28.0342 -100.0393 2
  28.3932  -99.1670 2
  28.8304  -98.3275 2
  29.2817  -97.6446 2
  29.8529  -96.9210 2
  30.3540  -96.3215 2
  30.7611  -95.7846 2
  31.0165  -95.1711 2
  31.2136  -94.5808 2
  31.2770  -94.1320 2
  31.3015  -93.6389 2
  31.2544  -93.2138 2
  31.2469  -92.6399 2
  31.1684  -91.8880 2
  30.9466  -91.1063 2
  30.7514  -90.3582 2
  30.5831  -89.9402 2
  30.3654  -89.4612 2
  30.0480  -89.0618 2
  29.6551  -88.5232 2
  29.4149  -88.1068 2
  29.0884  -88.6898 2
  28.8713  -89.1296 2
  28.5606  -89.6876 2
  28.3074  -90.2342 2
  28.0800  -91.0994 2
  28.0061  -91.8336 2
  27.8963  -92.8735 2
  27.7473  -94.0738 2
  27.6751  -95.2135 2
  27.5682  -96.1203 2
  26.9052  -96.4832 2
  26.2380  -96.5274 2
  25.4659  -96.6030 2
  24.5746  -96.9927 2
  23.9686  -97.2289 2
  23.2693  -97.2313 2
  22.7031  -97.3189 2
  22.1996  -97.1889 2
  21.6634  -97.0131 2
  21.2465  -96.7691 2
  20.7106  -96.5874 2
  20.1660  -96.2842 2
  19.5610  -95.9058 2
  19.2123  -95.6256 2
  18.8257  -95.1715 2
  18.2793  -94.7791 2
  17.5200  -94.3392 2
  99.0000   99.0000 3
9999 9999,GPML,nolabel,none,black,byPlateId,1,0
 135  155.0   -inf UN   0   0   0     0
  17.5200  -94.3392 3
  17.2614  -93.7266 2
  16.6338  -93.2332 2
  16.8645  -93.9139 2
  17.5200  -94.3392 2
  99.0000   99.0000 3
9999 9999,GPML,nolabel,none,black,byPlateId,1,0
 101  165.0   -inf UN   0   0   0     0
  26.6125  -77.3718 3
  26.0486  -77.2746 2
  26.4314  -77.8630 2
  26.6031  -78.7043 2
  27.0882  -79.2542 2
  27.5931  -79.3105 2
  27.5415  -78.8789 2
  27.3354  -78.3856 2
  27.0506  -77.9416 2
  26.6125  -77.3718 2
  99.0000   99.0000 3
9999 9999,GPML,nolabel,none,black,byPlateId,1,0
 101  150.0   -inf UN   0   0   0     0
  21.0483  -70.7847 3
  20.7387  -70.9895 2
  20.7973  -71.4450 2
  20.9241  -71.9396 2
  21.2074  -72.3438 2
  21.5599  -72.7038 2
  21.9114  -72.1386 2
  21.3875  -71.4156 2
  21.0483  -70.7847 2
  99.0000   99.0000 3
9999 9999,GPML,nolabel,none,black,byPlateId,1,0
 102   15.0   -inf UN   0   0   0     0
  67.0415  -20.7681 3
  66.6001  -20.6650 2
  66.6690  -20.1966 2
  66.5215  -19.4060 2
  66.5729  -18.7907 2
  66.1812  -18.2883 2
  65.4415  -18.8728 2
  64.8965  -19.5803 2
  64.3139  -20.5192 2
  64.1210  -20.9968 2
  64.0032  -21.5394 2
  63.8209  -22.1739 2
  63.4425  -22.8051 2
  63.3062  -23.7846 2
  63.4811  -24.4523 2
  64.0139  -24.3156 2
  64.3404  -24.7370 2
  64.7819  -24.3874 2
  64.8192  -24.8946 2
  64.7340  -25.5139 2
  64.7825  -26.2170 2
  65.0937  -26.9324 2
  65.7273  -26.5864 2
  66.1621  -26.0353 2
  66.4489  -25.4490 2
  66.6790  -24.9686 2
  66.9027  -24.2802 2
  67.0317  -23.2107 2
  67.0732  -22.1683 2
  67.1317  -21.4455 2
  67.0415  -20.7681 2
  99.0000   99.0000 3
