9999 9999,GPML,nolabel,none,black,byPlateId,1,0
 101 4500.0   -inf UN   0   0   0     0
  70.7719  -42.8670 3
  70.6418  -42.5625 2
  70.4528  -41.9271 2
  70.2402  -41.1322 2
  70.0910  -40.4845 2
  69.9615  -39.9866 2
  69.8799  -39.6088 2
  69.7744  -38.9259 2
  69.6492  -38.1734 2
  69.4881  -37.3424 2
  69.3771  -36.7873 2
  69.2971  -36.4050 2
  69.2042  -35.9667 2
  69.1051  -35.4803 2
  68.9966  -34.9873 2
  68.8862  -34.5785 2
  68.7366  -34.0677 2
  68.6037  -33.5976 2
  68.5006  -33.2858 2
  68.3858  -32.9584 2
  68.2630  -32.5350 2
  68.1536  -32.2088 2
  68.0488  -31.8840 2
  67.9006  -31.3907 2
  67.7071  -30.8200 2
  67.5047  -30.2242 2
  67.3684  -29.7258 2
  67.2078  -29.2840 2
  67.0450  -28.8230 2
  66.9258  -28.4372 2
  66.7946  -27.9891 2
  66.6361  -27.4408 2
  66.4633  -26.9091 2
  66.2723  -26.2860 2
  66.0563  -25.5920 2
  65.8945  -25.0530 2
  65.7426  -24.5320 2
  65.5796  -24.0544 2
  65.4101  -23.5201 2
  65.2064  -23.0111 2
  65.0423  -22.5776 2
  64.9995  -21.9890 2
  64.6128  -21.8286 2
  64.1909  -21.7274 2
  63.8480  -21.5729 2
  63.4507  -21.3037 2
  63.0883  -20.9724 2
  62.7309  -20.5762 2
  62.4641  -20.2237 2
  62.2462  -19.9626 2
  62.1044  -19.7749 2
  61.9293  -19.5242 2
  61.5836  -19.0957 2
  61.3451  -18.8388 2
  60.9002  -18.4587 2
  60.4693  -18.2254 2
  59.9189  -18.1213 2
  59.3213  -18.2610 2
  59.0407  -18.0050 2
  58.4134  -18.4146 2
  57.9603  -18.2321 2
  57.7366  -17.9846 2
  57.4917  -17.7572 2
  57.2738  -17.5419 2
  56.8348  -17.3380 2
  56.1153  -17.5486 2
  55.6049  -17.9710 2
  55.0853  -18.3216 2
  54.5786  -18.7463 2
  53.9893  -19.3315 2
  53.6304  -19.8440 2
  53.2519  -20.2680 2
  52.6530  -20.8029 2
  52.3835  -21.3258 2
  51.9864  -21.8692 2
  51.2885  -22.1411 2
  50.7206  -21.8592 2
  50.3915  -21.5024 2
  50.0959  -21.1894 2
  49.7562  -20.9776 2
  49.2672  -20.6718 2
  48.7223  -20.4983 2
  48.2220  -20.4470 2
  47.7543  -20.3713 2
  47.2641  -20.3166 2
  46.8241  -20.2507 2
  46.3020  -20.1136 2
  45.8128  -19.8459 2
  45.3278  -19.4624 2
  45.0023  -19.0792 2
  44.8339  -18.7651 2
  44.5878  -18.1734 2
  44.4027  -17.7206 2
  44.2010  -17.2925 2
  43.8519  -16.8011 2
  43.3348  -16.3766 2
  42.9358  -16.1367 2
  42.4386  -15.8316 2
  41.8071  -15.4833 2
  41.1771  -15.1304 2
  40.5147  -14.8632 2
  39.7876  -14.8943 2
  39.7888  -15.3336 2
  39.7639  -15.6607 2
  39.7085  -16.0489 2
  39.6495  -16.4108 2
  39.5735  -16.8763 2
  39.4847  -17.5209 2
  39.1695  -18.1218 2
  38.8638  -18.7274 2
  38.5389  -19.3516 2
  38.3574  -19.8564 2
  38.2287  -20.4179 2
  38.1295  -20.9734 2
  37.9980  -21.4473 2
  37.8460  -21.9378 2
  37.7404  -22.4754 2
  37.6662  -22.9168 2
  37.6424  -23.2609 2
  37.6622  -23.6456 2
  37.7020  -24.1426 2
  37.7997  -24.7856 2
  37.8687  -25.2613 2
  37.8698  -25.9392 2
  37.9300  -26.5918 2
  37.9530  -27.0986 2
  37.8540  -27.8535 2
  37.4750  -28.9453 2
  37.1560  -29.6767 2
  36.9079  -30.4345 2
  36.5860  -31.3190 2
  36.4105  -31.8785 2
  36.1588  -32.5139 2
  35.7521  -33.0453 2
  35.2233  -33.6554 2
  34.7712  -34.0479 2
  34.2463  -34.7348 2
  33.7387  -35.4904 2
  33.1477  -35.8723 2
  32.9595  -36.3345 2
  32.9515  -36.7208 2
  32.8536  -37.3865 2
  32.7420  -38.2257 2
  32.6037  -38.8919 2
  32.4212  -39.4360 2
  32.2161  -39.9828 2
  31.9438  -40.6621 2
  31.3765  -41.6017 2
  31.0518  -42.1886 2
  30.7315  -42.7003 2
  30.3920  -43.2184 2
  30.1278  -43.6022 2
  29.8006  -43.9188 2
  29.4591  -44.4548 2
  29.0862  -45.1358 2
  28.7528  -45.8335 2
  28.5192  -46.3678 2
  28.2380  -47.0365 2
  27.9876  -47.7193 2
  27.7478  -48.4114 2
  27.6314  -49.1784 2
  27.5119  -49.8054 2
  27.4207  -50.5132 2
  27.3305  -51.3104 2
  27.2917  -52.1164 2
  27.2395  -52.9060 2
  27.2419  -53.7587 2
  27.3193  -54.5910 2
  27.4065  -55.3775 2
  27.3533  -56.2921 2
  27.5901  -56.9718 2
  27.7205  -57.5058 2
  27.8575  -57.8899 2
  27.9402  -58.3582 2
  27.9759  -58.7967 2
  27.9133  -59.4066 2
  27.7998  -60.0559 2
  27.5233  -60.6774 2
  27.1699  -61.3851 2
  26.7764  -62.2304 2
  26.4904  -63.0041 2
  26.2533  -63.9232 2
  26.0999  -64.8529 2
  25.9437  -65.3680 2
  25.3439  -65.5825 2
  24.7722  -65.5698 2
  24.2972  -65.5499 2
  23.8290  -65.6540 2
  23.9707  -66.4458 2
  24.0547  -67.0050 2
  24.3199  -67.7236 2
  24.5821  -68.3866 2
  25.0469  -68.8769 2
  26.1238  -68.9358 2
  26.9841  -68.9085 2
  28.4593  -68.5334 2
  29.3282  -68.4396 2
  29.9334  -68.5888 2
  30.4264  -68.9228 2
  30.7539  -69.5247 2
  31.0814  -69.9920 2
  31.4229  -70.3021 2
  31.7085  -70.5302 2
  32.1646  -70.5198 2
  32.8751  -70.3210 2
  33.5131  -69.9871 2
  33.9998  -69.4835 2
  34.4079  -68.8908 2
  35.0092  -68.2841 2
  35.5994  -67.8637 2
  36.1112  -67.6720 2
  36.9053  -67.4852 2
  37.8110  -67.3173 2
  38.8885  -67.2099 2
  39.7325  -67.2509 2
  40.6964  -67.3486 2
  41.6697  -67.5125 2
  42.4251  -67.8046 2
  43.1324  -68.1887 2
  43.7651  -68.5673 2
  44.2200  -68.7917 2
  44.8097  -68.9947 2
  45.4444  -69.1231 2
  46.0046  -69.1425 2
  46.8758  -69.2399 2
  47.6952  -69.5625 2
  48.5329  -69.7200 2
  49.1737  -69.9244 2
  49.7624  -70.0194 2
  50.3251  -70.0927 2
  50.9144  -70.1546 2
  51.6736  -70.1644 2
  52.1596  -70.1428 2
  52.7082  -70.2908 2
  53.2328  -70.6140 2
  53.5588  -70.9048 2
  54.0210  -71.2641 2
  54.5208  -71.6978 2
  54.9721  -72.1510 2
  55.5619  -72.7411 2
  56.0171  -73.1591 2
  56.4948  -73.5936 2
  57.1616  -73.9363 2
  57.8145  -74.1104 2
  58.4102  -74.1643 2
  59.0020  -74.0918 2
  59.4130  -74.0562 2
  59.7962  -74.1248 2
  60.3551  -74.1317 2
  60.9565  -74.1726 2
  61.3759  -74.3286 2
  61.9085  -74.1388 2
  62.3711  -73.1209 2
  63.0889  -72.1019 2
  63.9915  -71.3236 2
  64.8160  -70.8624 2
  65.4361  -70.7188 2
  65.7393  -70.8594 2
  66.1078  -71.0832 2
  66.5228  -71.5338 2
  67.0469  -72.0757 2
  67.5655  -72.7686 2
  68.0025  -73.5659 2
  68.2848  -74.1994 2
  68.4833  -74.6707 2
  68.7592  -74.8049 2
  69.0480  -74.6335 2
  69.3988  -74.4366 2
  70.0137  -73.9710 2
  70.6381  -73.3060 2
  71.0496  -72.0423 2
  71.4533  -71.4623 2
  71.7203  -71.5901 2
  72.0806  -71.7367 2
  72.5734  -70.3138 2
  72.7219  -69.3355 2
  72.8411  -67.7440 2
  72.8849  -66.2366 2
  72.8955  -65.3002 2
  72.8899  -64.3122 2
  72.8868  -63.4987 2
  72.8629  -62.6742 2
  72.8826  -61.7012 2
  72.9286  -60.3643 2
  72.9482  -59.4862 2
  73.0072  -58.3775 2
  73.1712  -56.7809 2
  73.5384  -54.9128 2
  73.9040  -53.9172 2
  74.2311  -53.1961 2
  74.7044  -51.3582 2
  75.0218  -49.2823 2
  75.1216  -48.0713 2
  75.1416  -47.1937 2
  74.8622  -47.4413 2
  74.5808  -47.2711 2
  74.3467  -47.1416 2
  74.1534  -46.9397 2
  73.9729  -46.6393 2
  73.7493  -46.3165 2
  73.5949  -46.1050 2
  73.4533  -45.8833 2
  73.2392  -45.5319 2
  73.0801  -45.2539 2
  72.9388  -45.0329 2
  72.8127  -44.8556 2
  72.6701  -44.6801 2
  72.4759  -44.5386 2
  72.1875  -44.3084 2
  71.9168  -44.1206 2
  71.5887  -43.9257 2
  71.4207  -43.7543 2
  71.2263  -43.5457 2
  70.9720  -43.2139 2
  70.7719  -42.8670 2
  99.0000   99.0000 3
9999 9999,GPML,nolabel,none,black,byPlateId,1,0
 108  500.0   -inf UN   0   0   0     0
  34.9578  -20.5267 3
  34.9767  -21.0941 2
  35.0656  -21.6404 2
  35.0627  -22.1856 2
  35.0748  -22.7428 2
  35.1240  -23.3459 2
  35.1183  -23.9295 2
  35.1240  -24.5956 2
  34.9624  -25.3471 2
  34.7274  -26.1008 2
  34.5007  -26.8353 2
  34.3079  -27.3728 2
  34.1666  -27.8979 2
  34.1717  -28.7604 2
  34.1857  -29.4461 2
  34.1147  -30.1622 2
  33.6951  -31.3400 2
  33.4414  -32.2086 2
  33.3331  -32.7929 2
  33.2184  -33.4321 2
  33.0483  -34.1405 2
  32.9483  -35.1521 2
  33.1477  -35.8723 2
  33.7387  -35.4904 2
  34.2463  -34.7348 2
  34.7712  -34.0479 2
  35.2233  -33.6554 2
  35.7521  -33.0453 2
  36.1588  -32.5139 2
  36.4105  -31.8785 2
  36.5860  -31.3190 2
  36.9079  -30.4345 2
  37.1560  -29.6767 2
  37.4750  -28.9453 2
  37.8540  -27.8535 2
  37.9530  -27.0986 2
  37.9300  -26.5918 2
  37.8698  -25.9392 2
  37.8687  -25.2613 2
  37.7997  -24.7856 2
  37.7020  -24.1426 2
  37.6622  -23.6456 2
  37.6424  -23.2609 2
  37.6662  -22.9168 2
  37.7404  -22.4754 2
  37.8460  -21.9378 2
  37.9980  -21.4473 2
  38.1295  -20.9734 2
  38.2287  -20.4179 2
  38.3574  -19.8564 2
  38.5389  -19.3516 2
  38.8638  -18.7274 2
  39.1695  -18.1218 2
  39.4847  -17.5209 2
  39.5735  -16.8763 2
  39.6495  -16.4108 2
  39.7085  -16.0489 2
  39.7639  -15.6607 2
  39.7888  -15.3336 2
  39.7876  -14.8943 2
  39.2441  -14.9003 2
  38.5865  -14.9529 2
  37.7130  -14.8417 2
  37.0815  -14.6703 2
  36.8642  -15.1579 2
  36.5451  -15.7768 2
  36.2275  -16.5447 2
  35.8738  -17.2093 2
  35.5910  -17.7593 2
  35.2915  -18.5476 2
  35.1474  -19.0849 2
  35.0450  -19.5557 2
  34.9863  -19.9980 2
  34.9578  -20.5267 2
  99.0000   99.0000 3
9999 9999,GPML,nolabel,none,black,byPlateId,1,0
 107  145.0   -inf UN   0   0   0     0
  36.7723  -13.8918 3
  36.6562  -13.4825 2
  36.6401  -13.0746 2
  36.3284  -12.7571 2
  35.9168  -12.7141 2
  35.2847  -12.8517 2
  34.6029  -13.1842 2
  34.2480  -13.6881 2
  33.8307  -14.4643 2
  33.2354  -14.9342 2
  32.6275  -15.2010 2
  31.9583  -15.6234 2
  31.6809  -16.0585 2
  31.7224  -16.4878 2
  31.9076  -16.9505 2
  32.2371  -17.3636 2
  32.8187  -17.9509 2
  33.5539  -18.6172 2
  34.0132  -19.1391 2
  34.2620  -19.6065 2
  34.4095  -20.0111 2
  34.4375  -20.5208 2
  34.4018  -21.1099 2
  34.2717  -21.5904 2
  34.1915  -22.0698 2
  34.1070  -22.6238 2
  34.0016  -23.3206 2
  33.8361  -24.0540 2
  33.6426  -24.7751 2
  33.5652  -25.4823 2
  33.5708  -26.1277 2
  33.6002  -26.8212 2
  33.5422  -27.6598 2
  33.4234  -28.5537 2
  33.2692  -29.0955 2
  33.0482  -29.5882 2
  32.7931  -29.9344 2
  32.3978  -30.4708 2
  32.1449  -30.9685 2
  31.9143  -31.5989 2
  31.7616  -32.2913 2
  31.7741  -33.0203 2
  31.8180  -33.8568 2
  31.8372  -34.6438 2
  31.7759  -35.4519 2
  31.6130  -36.0544 2
  31.3472  -37.0041 2
  32.3546  -36.6503 2
  32.9595  -36.3345 2
  33.1477  -35.8723 2
  32.9483  -35.1521 2
  33.0483  -34.1405 2
  33.2184  -33.4321 2
  33.3331  -32.7929 2
  33.4414  -32.2086 2
  33.6951  -31.3400 2
  34.1147  -30.1622 2
  34.1857  -29.4461 2
  34.1717  -28.7604 2
  34.1666  -27.8979 2
  34.3079  -27.3728 2
  34.5007  -26.8353 2
  34.7274  -26.1008 2
  34.9624  -25.3471 2
  35.1240  -24.5956 2
  35.1183  -23.9295 2
  35.1240  -23.3459 2
  35.0748  -22.7428 2
  35.0627  -22.1856 2
  35.0656  -21.6404 2
  34.9767  -21.0941 2
  34.9578  -20.5267 2
  34.9863  -19.9980 2
  35.0450  -19.5557 2
  35.1474  -19.0849 2
  35.2915  -18.5476 2
  35.5910  -17.7593 2
  35.8738  -17.2093 2
  36.2275  -16.5447 2
  36.5451  -15.7768 2
  36.8642  -15.1579 2
  37.0815  -14.6703 2
  37.0088  -14.3060 2
  36.7723  -13.8918 2
  99.0000   99.0000 3
9999 9999,GPML,nolabel,none,black,byPlateId,1,0
 109  500.0   -inf UN   0   0   0     0
  24.0533  -45.6560 3
  23.2619  -45.8868 2
  22.5410  -46.0052 2
  21.8631  -46.0885 2
  21.2698  -46.1450 2
  20.7325  -46.2282 2
  20.0063  -46.4546 2
  19.4997  -46.7741 2
  18.9420  -47.3880 2
  18.7079  -48.1976 2
  18.7431  -49.1188 2
  18.9660  -49.7791 2
  19.1284  -50.3566 2
  19.6515  -50.6055 2
  20.0824  -50.7015 2
  20.5723  -50.7650 2
  20.9946  -50.7750 2
  21.6318  -50.7997 2
  22.5595  -50.9484 2
  23.3116  -51.2060 2
  23.8544  -51.4631 2
  24.3565  -51.8343 2
  24.7392  -52.3756 2
  24.8859  -52.8973 2
  24.8547  -53.2441 2
  25.1750  -53.5685 2
  25.6691  -53.9652 2
  26.0609  -54.2515 2
  26.3729  -54.6384 2
  26.6244  -54.9817 2
  26.9721  -55.6250 2
  27.3533  -56.2921 2
  27.4065  -55.3775 2
  27.3193  -54.5910 2
  27.2419  -53.7587 2
  27.2395  -52.9060 2
  27.2917  -52.1164 2
  27.3305  -51.3104 2
  27.4207  -50.5132 2
  27.5119  -49.8054 2
  27.6314  -49.1784 2
  27.7478  -48.4114 2
  27.9876  -47.7193 2
  28.2380  -47.0365 2
  28.5192  -46.3678 2
  28.7528  -45.8335 2
  29.0862  -45.1358 2
  29.4591  -44.4548 2
  29.8006  -43.9188 2
  30.1278  -43.6022 2
  30.3920  -43.2184 2
  30.7315  -42.7003 2
  31.0518  -42.1886 2
  31.3765  -41.6017 2
  31.9438  -40.6621 2
  32.2161  -39.9828 2
  32.4212  -39.4360 2
  32.6037  -38.8919 2
  32.7420  -38.2257 2
  32.8536  -37.3865 2
  32.9515  -36.7208 2
  32.9595  -36.3345 2
  32.3546  -36.6503 2
  31.3472  -37.0041 2
  30.8509  -37.6153 2
  30.5128  -37.9948 2
  29.8223  -38.6072 2
  29.3580  -38.9594 2
  28.9818  -39.2208 2
  28.4385  -39.4948 2
  28.0303  -39.8851 2
  27.6666  -40.2935 2
  27.3536  -40.7505 2
  26.9923  -41.4882 2
  26.6370  -42.2240 2
  26.3875  -42.7667 2
  26.1625  -43.2448 2
  25.9290  -43.7274 2
  25.6122  -44.2939 2
  25.2330  -44.8082 2
  24.7941  -45.2192 2
  24.0533  -45.6560 2
  99.0000   99.0000 3
9999 9999,GPML,nolabel,none,black,byPlateId,1,0
 106 4500.0   -inf UN   0   0   0     0
  70.2257    0.6000 3
  69.9798    0.5973 2
  69.7861    0.9721 2
  69.6351    1.2875 2
  69.4440    1.6177 2
  69.2619    1.9349 2
  68.9953    2.4292 2
  68.7920    2.7841 2
  68.6115    3.1268 2
  68.5086    3.3320 2
  68.4054    3.5351 2
  68.3195    3.8279 2
  68.2591    4.0068 2
  68.2980    4.2555 2
  68.1569    4.1768 2
  68.1035    4.3971 2
  68.0316    4.6720 2
  67.9142    5.0973 2
  67.8108    5.3569 2
  67.7311    5.5719 2
  67.6959    5.7263 2
  67.6344    6.0225 2
  67.6221    6.1724 2
  67.6032    6.3950 2
  67.3496    6.3441 2
  67.1443    5.4955 2
  67.1202    4.7713 2
  67.0962    4.0907 2
  67.0871    3.4982 2
  67.0824    2.7526 2
  67.0706    2.1863 2
  67.0527    1.6145 2
  67.0410    0.9229 2
  67.0287    0.3192 2
  67.0220   -0.2448 2
  66.9950   -0.7857 2
  66.9572   -1.3986 2
  66.8932   -2.0881 2
  66.8535   -2.6180 2
  66.8173   -3.1596 2
  66.7805   -3.8172 2
  66.7547   -4.3772 2
  66.7217   -4.9941 2
  66.6682   -5.5646 2
  66.6126   -6.1322 2
  66.5673   -6.6647 2
  66.5146   -7.2071 2
  66.4400   -7.9702 2
  66.3683   -8.6904 2
  66.2873   -9.3992 2
  66.2168  -10.1464 2
  66.1194  -11.0255 2
  65.9679  -12.0049 2
  65.7902  -13.1795 2
  65.6375  -13.9739 2
  65.3984  -15.1414 2
  65.2212  -16.0631 2
  64.9748  -16.9806 2
  64.7788  -17.7984 2
  64.5465  -18.8554 2
  64.2675  -20.0157 2
  63.9248  -21.2358 2
  63.6394  -22.2398 2
  63.8549  -22.6402 2
  64.0588  -22.9910 2
  64.2562  -23.3864 2
  64.4649  -23.7918 2
  64.7411  -24.3078 2
  64.9864  -24.7710 2
  65.2052  -25.1593 2
  65.4119  -25.5698 2
  65.5825  -25.9034 2
  65.7353  -26.1862 2
  65.9377  -26.5108 2
  66.1361  -26.8175 2
  66.3165  -27.1904 2
  66.5704  -27.6094 2
  66.8132  -28.0089 2
  67.0047  -28.3652 2
  67.1377  -28.5942 2
  67.2752  -28.8208 2
  67.4353  -29.1271 2
  67.5782  -29.3493 2
  67.7083  -29.5647 2
  67.8827  -29.9045 2
  68.0772  -30.2686 2
  68.2239  -30.5660 2
  68.3771  -30.9422 2
  68.5207  -31.3191 2
  68.6535  -31.6556 2
  68.7685  -31.9495 2
  68.9304  -32.3801 2
  69.1680  -33.0277 2
  69.3635  -33.6306 2
  69.5332  -34.1844 2
  69.6493  -34.4711 2
  69.8233  -34.8297 2
  70.0312  -35.3114 2
  70.3145  -35.8743 2
  70.5589  -36.3044 2
  70.7136  -36.4725 2
  70.9391  -36.6127 2
  71.2143  -36.6815 2
  71.4198  -36.6866 2
  71.5964  -36.6795 2
  71.9265  -36.5238 2
  72.2012  -36.4115 2
  72.4964  -36.3105 2
  72.6934  -36.2238 2
  72.8453  -36.2242 2
  72.9816  -36.2432 2
  73.1365  -36.2826 2
  73.3137  -36.3508 2
  73.5497  -36.4151 2
  73.7044  -36.4436 2
  73.8698  -36.4424 2
  74.1108  -36.4491 2
  74.3090  -36.4854 2
  74.5087  -36.4055 2
  74.7385  -36.1919 2
  75.0155  -35.9354 2
  75.2475  -35.2794 2
  75.2086  -33.5319 2
  75.1102  -32.2185 2
  74.9814  -30.6529 2
  74.9054  -29.7186 2
  74.7873  -28.4858 2
  74.6496  -27.1827 2
  74.5440  -26.4312 2
  74.4033  -25.5698 2
  74.3275  -25.0651 2
  74.1615  -24.1176 2
  74.0039  -23.3868 2
  73.8674  -22.7853 2
  73.7647  -22.4067 2
  73.6155  -21.8579 2
  73.5099  -21.4825 2
  73.3533  -21.0681 2
  73.3389  -19.4043 2
  73.3295  -17.9064 2
  73.1479  -17.3112 2
  72.9635  -16.7914 2
  72.7998  -16.1207 2
  72.6883  -15.6504 2
  72.6052  -15.2792 2
  72.4939  -14.6234 2
  72.3884  -14.2947 2
  72.2866  -13.9823 2
  72.2117  -13.6380 2
  72.1135  -13.1613 2
  71.9935  -12.6487 2
  71.8830  -12.1940 2
  71.7855  -11.9439 2
  71.7185  -11.7784 2
  71.6543  -11.3592 2
  71.6117  -10.9533 2
  71.6226   -9.8058 2
  71.6091   -8.8375 2
  71.5588   -8.3251 2
  71.4930   -7.7061 2
  71.5283   -6.5568 2
  71.4622   -6.5847 2
  71.4112   -6.3953 2
  71.3524   -5.7417 2
  71.2862   -5.1074 2
  71.2376   -4.7723 2
  71.1557   -4.3242 2
  71.0464   -3.8619 2
  70.9256   -3.3719 2
  70.8580   -3.0307 2
  70.7931   -2.6306 2
  70.7294   -1.4902 2
  70.6663   -1.4282 2
  70.6182   -1.2620 2
  70.5911   -1.1200 2
  70.5606   -0.8684 2
  70.5068   -0.6007 2
  70.4586   -0.4050 2
  70.4242   -0.2378 2
  70.3622    0.0308 2
  70.3264    0.1612 2
  70.2730    0.3633 2
  70.2257    0.6000 2
  99.0000   99.0000 3
9999 9999,GPML,nolabel,none,black,byPlateId,1,0
 132 4500.0   -inf UN   0   0   0     0
  35.1777  -76.2441 3
  34.5018  -76.2202 2
  34.6754  -76.7992 2
  35.3276  -77.3097 2
  36.0336  -77.7901 2
  36.3015  -78.2815 2
  36.4459  -78.8368 2
  36.9589  -78.5847 2
  37.5485  -78.3594 2
  38.3167  -78.1588 2
  38.9546  -77.9584 2
  39.4143  -77.7288 2
  39.8981  -77.5013 2
  40.5950  -77.1739 2
  41.0558  -77.0356 2
  41.6221  -76.7554 2
  42.1738  -76.3311 2
  42.8217  -76.0156 2
  43.3683  -75.7430 2
  43.8810  -75.4964 2
  44.3451  -75.2409 2
  44.8423  -75.0054 2
  45.3637  -74.7051 2
  46.0203  -74.2612 2
  46.5015  -74.0285 2
  46.3615  -73.5432 2
  46.1309  -72.9134 2
  45.8337  -72.1538 2
  45.3012  -72.7202 2
  44.5566  -72.7375 2
  43.9884  -72.0726 2
  43.4661  -71.2692 2
  42.9855  -70.9589 2
  42.0456  -71.2801 2
  41.5809  -71.5286 2
  41.1101  -71.9492 2
  40.7305  -72.3437 2
  40.2430  -72.7658 2
  39.4732  -73.2000 2
  38.9114  -73.8727 2
  38.5776  -74.6985 2
  37.9520  -75.1493 2
  37.2609  -75.4625 2
  36.8322  -75.6919 2
  36.2291  -75.9295 2
  35.6749  -76.1507 2
  35.1777  -76.2441 2
  99.0000   99.0000 3
9999 9999,GPML,nolabel,none,black,byPlateId,1,0
 133 4500.0   -inf UN   0   0   0     0
  31.9450  -72.7104 3
  32.0199  -73.1615 2
  32.1957  -73.7429 2
  32.4119  -74.3700 2
  32.8998  -75.4332 2
  33.6899  -75.8413 2
  34.2249  -76.2514 2
  34.7116  -76.9001 2
  35.1730  -77.6603 2
  35.8489  -77.6390 2
  36.3412  -77.5111 2
  36.8846  -77.2501 2
  37.4760  -76.9685 2
  37.8938  -76.7070 2
  38.5697  -76.3416 2
  39.1739  -75.8415 2
  39.4697  -74.9852 2
  40.0000  -74.2657 2
  40.7487  -73.7692 2
  41.2162  -73.3060 2
  41.5771  -72.8788 2
  42.0278  -72.4176 2
  42.4803  -72.1293 2
  43.4037  -71.7269 2
  43.8975  -71.9971 2
  44.4555  -72.7590 2
  45.0528  -73.3771 2
  45.7952  -73.2914 2
  46.3007  -72.6714 2
  46.2508  -71.9499 2
  46.2530  -71.5421 2
  45.6930  -71.5118 2
  45.0596  -71.3710 2
  44.4718  -71.1564 2
  44.0190  -70.9228 2
  43.3898  -70.5315 2
  42.6862  -70.1337 2
  41.9335  -69.8278 2
  40.9617  -69.6475 2
  39.9988  -69.5342 2
  39.1553  -69.4802 2
  38.0769  -69.5719 2
  37.1697  -69.7272 2
  36.3739  -69.9034 2
  35.8604  -70.0886 2
  35.2664  -70.5021 2
  34.6595  -71.1024 2
  34.2459  -71.6913 2
  33.7546  -72.1897 2
  33.1135  -72.5159 2
  32.4012  -72.7059 2
  31.9450  -72.7104 2
  99.0000   99.0000 3
9999 9999,GPML,nolabel,none,black,byPlateId,1,0
 124 4500.0   -inf UN   0   0   0     0
  70.2118  -77.3434 3
  69.5927  -77.7633 2
  69.2401  -77.9345 2
  68.9498  -78.0855 2
  68.6752  -77.9299 2
  68.4814  -77.4404 2
  68.2053  -76.7816 2
  67.7761  -75.9479 2
  67.2643  -75.2152 2
  66.7455  -74.6363 2
  66.3349  -74.1570 2
  65.9686  -73.9101 2
  65.6669  -73.7514 2
  65.0456  -73.8628 2
  64.2169  -74.2856 2
  63.3070  -75.0262 2
  62.5797  -76.0195 2
  62.1074  -77.0235 2
  61.5731  -77.1916 2
  61.1553  -77.0171 2
  60.5544  -76.9516 2
  59.9956  -76.9228 2
  59.6132  -76.8393 2
  59.2019  -76.8599 2
  58.6095  -76.9115 2
  58.0144  -76.8366 2
  57.3633  -76.6397 2
  56.6999  -76.2737 2
  56.2264  -75.8218 2
  55.7753  -75.3878 2
  55.1912  -74.7772 2
  54.7443  -74.3085 2
  54.2486  -73.8585 2
  53.7899  -73.4848 2
  53.4667  -73.1837 2
  52.9452  -72.8451 2
  52.3980  -72.6824 2
  51.9119  -72.6921 2
  51.1529  -72.6640 2
  50.5642  -72.5880 2
  50.0023  -72.5014 2
  49.4145  -72.3929 2
  48.7756  -72.1737 2
  47.9395  -71.9978 2
  47.1232  -71.6571 2
  46.2530  -71.5421 2
  46.2508  -71.9499 2
  46.3007  -72.6714 2
  46.6319  -73.4076 2
  46.8907  -74.0199 2
  47.0524  -74.4955 2
  47.4470  -75.2653 2
  47.5784  -75.9279 2
  47.7041  -76.4219 2
  47.8489  -77.0639 2
  47.9832  -77.6096 2
  48.2247  -78.0887 2
  48.6527  -78.5318 2
  49.0149  -78.7324 2
  49.5388  -78.7105 2
  50.2535  -78.1969 2
  51.0756  -77.8221 2
  51.5486  -77.6360 2
  51.9598  -77.4999 2
  52.4363  -77.3004 2
  53.0499  -77.1439 2
  53.7186  -77.1780 2
  54.4135  -77.3583 2
  54.8791  -77.6808 2
  55.4786  -78.0497 2
  56.0282  -78.1286 2
  56.4540  -78.0165 2
  57.0584  -77.8881 2
  57.6078  -78.0217 2
  58.2889  -78.0952 2
  58.8892  -78.2340 2
  59.3534  -78.4291 2
  59.9475  -78.6006 2
  60.3576  -78.6737 2
  60.9207  -78.8801 2
  61.1174  -79.2021 2
  61.7280  -79.0174 2
  62.4758  -79.2269 2
  63.1569  -79.4625 2
  63.7243  -79.7223 2
  64.1621  -79.9732 2
  64.5757  -80.1594 2
  65.0740  -80.7648 2
  65.5748  -81.3032 2
  66.1731  -82.0861 2
  66.8127  -82.5208 2
  66.9831  -83.3711 2
  67.6826  -83.6379 2
  68.0317  -84.1245 2
  68.3231  -84.4434 2
  68.6951  -84.9887 2
  69.1080  -85.4714 2
  69.6413  -86.3587 2
  70.0515  -86.9959 2
  70.2806  -87.4383 2
  70.6159  -88.0016 2
  70.9545  -88.6751 2
  71.2883  -89.3925 2
  71.5954  -90.1815 2
  71.9784  -90.6302 2
  72.1998  -89.5673 2
  72.3303  -88.1203 2
  72.1086  -87.4460 2
  71.9936  -86.0026 2
  71.9620  -84.9626 2
  71.9307  -83.9527 2
  71.9056  -82.8153 2
  71.8865  -81.9413 2
  71.8880  -80.7790 2
  71.8633  -79.7071 2
  71.7943  -78.4217 2
  71.8691  -76.9504 2
  72.2994  -75.2770 2
  71.9406  -75.0927 2
  71.6749  -74.9376 2
  71.2659  -75.4863 2
  70.8424  -76.7258 2
  70.2118  -77.3434 2
  99.0000   99.0000 3
9999 9999,GPML,nolabel,none,black,byPlateId,1,0
 129  145.0   -inf UN   0   0   0     0
  48.3558  -77.7313 3
  47.4640  -77.7910 2
  47.0633  -77.2647 2
  46.9602  -76.6299 2
  47.0912  -76.0223 2
  46.5676  -75.9888 2
  46.2156  -75.7607 2
  45.8094  -75.2951 2
  45.5911  -74.8137 2
  45.4830  -74.2794 2
  45.3693  -73.6514 2
  45.2678  -73.1665 2
  44.7281  -73.3869 2
  44.1105  -73.6364 2
  43.7025  -74.2038 2
  43.4179  -74.9194 2
  43.2748  -75.6654 2
  43.1756  -76.2941 2
  43.0934  -76.8834 2
  42.9414  -77.4637 2
  42.7689  -78.1203 2
  42.4578  -79.1359 2
  42.1553  -79.9882 2
  41.9452  -80.5670 2
  41.6448  -81.2514 2
  41.1807  -81.8489 2
  40.8547  -82.7410 2
  40.6322  -83.3169 2
  41.2395  -83.4685 2
  42.0053  -83.2472 2
  43.0881  -82.9717 2
  44.0071  -82.6316 2
  44.5937  -82.5929 2
  45.3339  -82.1852 2
  46.2074  -81.7382 2
  47.0265  -81.5193 2
  47.6771  -81.4650 2
  48.3212  -81.6447 2
  49.0173  -81.7418 2
  48.8325  -81.1286 2
  48.7113  -80.6618 2
  48.5708  -79.7531 2
  48.5398  -79.0913 2
  48.6857  -78.5120 2
  49.0179  -77.9565 2
  49.2910  -77.4575 2
  48.3558  -77.7313 2
  99.0000   99.0000 3
9999 9999,GPML,nolabel,none,black,byPlateId,1,0
 130  145.0   -inf UN   0   0   0     0
  34.7741  -78.6718 3
  34.3522  -79.0212 2
  34.5826  -79.3725 2
  34.9243  -79.8099 2
  35.5215  -80.3756 2
  36.4431  -81.0739 2
  36.9497  -81.5276 2
  37.3102  -81.8286 2
  37.8729  -82.2330 2
  38.2778  -82.7021 2
  38.9166  -82.9529 2
  39.4495  -83.0743 2
  39.9393  -83.2371 2
  40.6322  -83.3169 2
  40.8547  -82.7410 2
  41.1807  -81.8489 2
  40.6464  -81.5122 2
  40.3754  -80.8935 2
  40.1799  -80.3359 2
  39.5987  -79.9602 2
  38.9243  -79.7301 2
  38.1280  -79.3920 2
  37.4420  -78.9788 2
  36.8580  -78.7217 2
  36.1212  -78.5062 2
  35.4040  -78.5045 2
  34.7741  -78.6718 2
  99.0000   99.0000 3
9999 9999,GPML,nolabel,none,black,byPlateId,1,0
 131 4500.0   -inf UN   0   0   0     0
  35.2549  -76.1225 3
  34.7413  -76.3674 2
  34.9670  -77.1168 2
  35.0592  -77.8598 2
  34.7741  -78.6718 2
  35.4040  -78.5045 2
  36.1212  -78.5062 2
  36.8580  -78.7217 2
  37.4420  -78.9788 2
  38.1280  -79.3920 2
  38.9243  -79.7301 2
  39.5987  -79.9602 2
  40.1799  -80.3359 2
  40.3754  -80.8935 2
  40.6464  -81.5122 2
  41.1807  -81.8489 2
  41.6448  -81.2514 2
  41.9452  -80.5670 2
  42.1553  -79.9882 2
  42.4578  -79.1359 2
  42.7689  -78.1203 2
  42.9414  -77.4637 2
  43.0934  -76.8834 2
  43.1756  -76.2941 2
  43.2748  -75.6654 2
  43.4179  -74.9194 2
  43.7025  -74.2038 2
  44.1105  -73.6364 2
  44.7281  -73.3869 2
  45.2678  -73.1665 2
  45.1691  -72.5194 2
  44.8133  -71.7420 2
  44.3311  -71.9634 2
  43.6726  -72.3886 2
  43.1499  -72.6762 2
  42.6517  -72.9011 2
  42.1866  -73.1462 2
  41.6729  -73.3824 2
  41.1253  -73.6442 2
  40.4764  -73.9472 2
  39.9232  -74.3575 2
  39.3560  -74.6275 2
  38.8948  -74.7599 2
  38.1969  -75.0760 2
  37.7124  -75.2959 2
  37.2522  -75.5181 2
  36.6137  -75.7112 2
  35.8450  -75.9044 2
  35.2549  -76.1225 2
  99.0000   99.0000 3
9999 9999,GPML,nolabel,none,black,byPlateId,1,0
 105 4500.0   -inf UN   0   0   0     0
  19.8777  -72.4484 3
  19.8758  -73.0004 2
  20.0474  -73.6504 2
  20.6860  -74.0302 2
  21.0272  -74.3676 2
  21.8019  -74.8224 2
  22.3004  -75.0712 2
  22.8408  -75.0159 2
  23.4397  -75.2352 2
  24.0875  -75.5660 2
  24.4293  -76.0612 2
  24.9604  -76.4995 2
  25.4477  -76.8188 2
  25.8773  -77.0786 2
  26.5582  -77.2345 2
  26.9820  -76.8340 2
  27.5790  -76.9190 2
  28.3047  -77.0751 2
  29.1839  -77.2874 2
  30.0271  -77.4993 2
  30.5759  -77.6232 2
  31.1931  -77.9531 2
  31.8399  -78.4085 2
  32.1750  -78.9027 2
  32.3619  -79.3223 2
  32.5296  -79.7413 2
  32.9297  -80.5011 2
  33.6776  -80.6886 2
  34.2062  -80.8470 2
  34.6744  -81.0486 2
  34.9885  -81.3478 2
  35.6625  -81.5952 2
  36.3068  -81.9051 2
  37.0614  -81.8702 2
  36.6587  -81.4055 2
  36.0981  -81.0031 2
  35.7392  -80.7039 2
  35.2350  -80.2530 2
  34.3173  -79.5574 2
  33.7233  -78.9947 2
  33.3843  -78.5606 2
  33.1560  -78.2121 2
  32.7796  -77.5217 2
  32.5202  -77.0108 2
  32.1621  -76.6651 2
  31.4907  -76.2353 2
  30.7136  -75.8013 2
  30.1363  -75.4781 2
  29.5317  -75.2745 2
  29.1415  -75.2698 2
  28.6818  -75.1214 2
  27.9792  -74.8321 2
  27.4800  -74.6761 2
  27.0263  -74.4703 2
  26.3087  -74.1563 2
  25.5860  -73.7967 2
  24.8986  -73.7642 2
  24.3225  -73.3225 2
  23.7218  -72.9859 2
  22.8594  -72.7281 2
  22.0819  -72.4672 2
  21.5577  -72.1808 2
  21.1489  -71.9897 2
  20.8083  -71.7986 2
  20.4630  -71.6006 2
  20.0963  -71.9316 2
  19.8777  -72.4484 2
  99.0000   99.0000 3
9999 9999,GPML,nolabel,none,black,byPlateId,1,0
 134 4500.0   -inf UN   0   0   0     0
  31.9689  -71.5568 3
  31.7876  -70.9792 2
  31.7085  -70.5302 2
  31.4229  -70.3021 2
  31.0814  -69.9920 2
  30.7539  -69.5247 2
  30.4264  -68.9228 2
  29.9334  -68.5888 2
  29.3282  -68.4396 2
  28.4593  -68.5334 2
  26.9841  -68.9085 2
  26.1238  -68.9358 2
  25.0469  -68.8769 2
  25.5810  -69.9409 2
  26.0186  -70.5758 2
  26.6693  -71.3827 2
  26.9847  -71.9281 2
  27.2980  -72.3818 2
  27.9109  -73.1951 2
  28.4378  -73.9368 2
  28.9821  -74.4400 2
  29.6929  -75.0876 2
  30.2147  -75.5558 2
  30.8271  -76.1109 2
  31.2184  -76.3687 2
  31.7747  -76.6883 2
  32.3332  -76.9646 2
  32.7089  -77.2668 2
  32.8463  -77.5974 2
  33.0252  -77.9346 2
  33.6414  -78.0907 2
  34.2381  -78.3730 2
  35.0411  -78.7517 2
  35.7384  -79.1357 2
  36.1176  -79.4618 2
  36.4089  -79.9695 2
  36.8278  -80.6538 2
  37.2292  -80.2585 2
  37.4678  -79.3983 2
  37.3336  -78.6421 2
  37.0655  -77.8918 2
  36.8913  -77.3457 2
  36.5973  -76.8742 2
  35.8667  -76.4502 2
  35.1882  -75.9907 2
  34.9834  -75.4236 2
  34.5147  -74.6718 2
  34.0218  -74.0315 2
  33.4829  -73.6298 2
  32.6890  -73.2336 2
  32.1910  -72.1794 2
  31.9689  -71.5568 2
  99.0000   99.0000 3
9999 9999,GPML,nolabel,none,black,byPlateId,1,0
 104 4500.0   -inf UN   0   0   0     0
  28.9821  -74.4400 3
  28.4378  -73.9368 2
  27.9109  -73.1951 2
  27.2980  -72.3818 2
  26.9847  -71.9281 2
  26.6693  -71.3827 2
  26.0186  -70.5758 2
  25.5810  -69.9409 2
  25.0469  -68.8769 2
  24.5821  -68.3866 2
  24.3199  -67.7236 2
  24.0547  -67.0050 2
  23.9707  -66.4458 2
  23.8290  -65.6540 2
  23.2314  -65.5748 2
  22.5242  -65.5381 2
  21.7680  -65.4903 2
  20.9874  -65.4013 2
  20.4022  -65.3357 2
  19.7584  -65.1708 2
  19.0481  -64.9655 2
  18.2375  -64.6943 2
  17.3310  -64.4920 2
  16.3694  -64.1021 2
  15.9719  -63.7789 2
  15.3650  -63.2307 2
  14.8429  -62.7167 2
  14.6323  -62.1178 2
  13.9008  -61.8657 2
  13.5268  -61.2671 2
  12.8738  -60.8885 2
  12.7379  -61.6368 2
  12.8346  -62.5435 2
  12.8163  -63.2733 2
  12.9756  -63.6955 2
  13.2329  -64.2518 2
  13.2781  -64.8397 2
  13.4047  -65.6560 2
  13.9091  -66.4680 2
  14.2527  -66.9966 2
  14.5563  -67.5442 2
  14.8741  -67.9990 2
  15.1785  -68.5325 2
  15.5041  -69.0155 2
  15.8313  -69.5814 2
  16.1987  -70.0835 2
  16.6682  -70.6751 2
  17.0943  -71.0634 2
  17.6617  -71.7485 2
  18.2327  -72.1661 2
  18.5994  -72.6638 2
  19.3343  -72.9577 2
  19.9829  -73.0376 2
  20.4528  -72.9854 2
  20.8310  -72.4576 2
  21.3647  -72.6328 2
  21.8686  -72.4657 2
  22.5122  -72.5597 2
  23.1624  -72.9025 2
  23.8919  -73.5056 2
  24.4109  -73.8300 2
  24.9649  -74.0734 2
  25.4321  -74.2383 2
  25.9671  -74.4271 2
  26.4456  -74.7802 2
  27.0918  -75.1213 2
  27.6671  -75.3451 2
  28.2486  -75.8652 2
  28.6690  -76.2423 2
  29.1542  -76.4159 2
  28.9927  -76.7543 2
  29.7373  -77.0628 2
  30.4738  -77.3247 2
  30.9398  -77.4976 2
  31.4480  -77.6150 2
  32.1676  -77.8521 2
  32.6358  -77.9647 2
  33.0252  -77.9346 2
  32.8463  -77.5974 2
  32.7089  -77.2668 2
  32.3332  -76.9646 2
  31.7747  -76.6883 2
  31.2184  -76.3687 2
  30.8271  -76.1109 2
  30.2147  -75.5558 2
  29.6929  -75.0876 2
  28.9821  -74.4400 2
  99.0000   99.0000 3
9999 9999,GPML,nolabel,none,black,byPlateId,1,0
 127  145.0   -inf UN   0   0   0     0
  61.3993  -80.1321 3
  61.1498  -79.7742 2
  61.0162  -79.0236 2
  60.4325  -79.0044 2
  60.1007  -78.4528 2
  59.5629  -79.1543 2
  59.0538  -79.7576 2
  58.6449  -79.9865 2
  58.2655  -80.0201 2
  57.9322  -79.8992 2
  57.4396  -79.8650 2
  56.7337  -79.8108 2
  56.1708  -79.7190 2
  55.6410  -79.3787 2
  55.2996  -79.0778 2
  55.0432  -78.7502 2
  54.8871  -78.3496 2
  54.6617  -78.1579 2
  54.0899  -78.1912 2
  53.6812  -78.2750 2
  53.0819  -78.3365 2
  52.6070  -78.3288 2
  52.0043  -78.4077 2
  51.3287  -78.5605 2
  50.7757  -78.6162 2
  50.1958  -78.9053 2
  49.7894  -79.1253 2
  49.2411  -79.2162 2
  48.6131  -79.0688 2
  48.1214  -78.9194 2
  47.4188  -78.9487 2
  46.7569  -79.0918 2
  46.1690  -79.3820 2
  45.7209  -79.6735 2
  45.3302  -79.8927 2
  44.8840  -80.1697 2
  44.1142  -80.6935 2
  43.4655  -81.3124 2
  43.4372  -81.9096 2
  43.6410  -82.4551 2
  44.1162  -82.8015 2
  44.9711  -82.4408 2
  45.8323  -81.8614 2
  46.5814  -81.6143 2
  47.2108  -81.7752 2
  47.7546  -82.0769 2
  48.5311  -82.4672 2
  49.3006  -82.8865 2
  49.9079  -83.3229 2
  50.3605  -83.8099 2
  50.8313  -84.3207 2
  51.4033  -84.7071 2
  51.8275  -84.9368 2
  52.4329  -85.0277 2
  52.8475  -85.0429 2
  53.3572  -84.9876 2
  54.0450  -85.0006 2
  54.8689  -84.6957 2
  55.6043  -84.3752 2
  56.2366  -84.2522 2
  56.9573  -83.9854 2
  57.5053  -84.0502 2
  57.9335  -83.8585 2
  58.4427  -83.5974 2
  58.8903  -83.4740 2
  59.4118  -83.3791 2
  59.8340  -83.3805 2
  60.2649  -83.2983 2
  60.8212  -83.2974 2
  61.4564  -83.3249 2
  62.0398  -83.4011 2
  62.4754  -83.5559 2
  62.9018  -83.2214 2
  62.6752  -82.2149 2
  62.3431  -81.6409 2
  62.0880  -81.1363 2
  61.8811  -80.7784 2
  61.6311  -80.4364 2
  61.3993  -80.1321 2
  99.0000   99.0000 3
9999 9999,GPML,nolabel,none,black,byPlateId,1,0
 128  145.0   -inf UN   0   0   0     0
  50.8488  -84.4733 3
  50.3786  -83.9610 2
  49.9266  -83.4726 2
  49.3197  -83.0344 2
  48.5507  -82.6130 2
  47.7746  -82.2206 2
  47.2312  -81.9174 2
  46.6019  -81.7551 2
  45.8525  -82.0005 2
  45.6691  -82.5508 2
  45.4378  -83.1742 2
  45.3915  -83.7543 2
  45.5305  -84.3482 2
  45.8168  -85.1298 2
  46.0116  -85.5138 2
  46.2926  -86.0087 2
  46.7042  -86.2733 2
  47.1289  -86.4150 2
  47.5679  -86.4718 2
  48.0248  -86.5609 2
  48.4163  -86.7052 2
  48.9897  -86.9053 2
  49.7273  -86.7573 2
  50.2601  -86.7918 2
  50.7741  -86.3756 2
  51.1774  -86.1114 2
  51.4388  -86.4011 2
  50.9461  -87.1983 2
  50.9217  -87.8685 2
  51.3850  -88.1089 2
  51.8374  -88.1271 2
  52.2534  -88.1460 2
  52.8266  -88.0692 2
  53.5347  -87.8878 2
  53.8927  -88.0011 2
  54.1825  -87.8375 2
  54.3957  -87.7257 2
  54.5935  -87.5997 2
  55.0365  -87.1765 2
  55.4958  -86.4506 2
  56.0683  -85.7231 2
  56.6484  -85.1776 2
  57.1126  -84.7232 2
  57.5231  -84.2246 2
  56.9752  -84.1576 2
  56.2542  -84.4219 2
  55.6217  -84.5428 2
  54.8860  -84.8608 2
  54.0617  -85.1632 2
  53.3740  -85.1479 2
  52.8642  -85.2017 2
  52.4496  -85.1853 2
  51.8443  -85.0925 2
  51.4204  -84.8614 2
  50.8488  -84.4733 2
  99.0000   99.0000 3
9999 9999,GPML,nolabel,none,black,byPlateId,1,0
 125  145.0   -inf UN   0   0   0     0
  57.9137  -84.2594 3
  57.3046  -84.5964 2
  56.7739  -84.9033 2
  56.3744  -85.2058 2
  55.9705  -85.4266 2
  55.4854  -85.7772 2
  55.0749  -86.1102 2
  54.6256  -86.5901 2
  54.2433  -86.9658 2
  53.9249  -87.6028 2
  53.5484  -88.2248 2
  53.0745  -88.9794 2
  52.6362  -89.8911 2
  52.4566  -91.1316 2
  52.8994  -90.7725 2
  53.4466  -90.0394 2
  53.9333  -89.6485 2
  54.2913  -89.3275 2
  54.6766  -89.1586 2
  55.1393  -89.2059 2
  55.4818  -89.1462 2
  55.6856  -88.4707 2
  56.1223  -87.7228 2
  56.6851  -86.9427 2
  57.2519  -86.4527 2
  57.7461  -86.1344 2
  58.1327  -86.2922 2
  58.5519  -86.4014 2
  59.1438  -86.4039 2
  59.4750  -86.4577 2
  59.8463  -86.6166 2
  60.2532  -86.7919 2
  60.7548  -87.1089 2
  61.1482  -87.5465 2
  61.4334  -87.9553 2
  61.6308  -88.4311 2
  61.8738  -89.0647 2
  62.0807  -90.2359 2
  62.2505  -91.6961 2
  62.3001  -93.0426 2
  62.2766  -94.0313 2
  62.3183  -95.1753 2
  62.4286  -96.3029 2
  62.5027  -97.2257 2
  62.5370  -98.3171 2
  62.6410  -99.5681 2
  62.7861 -100.2949 2
  62.9846 -101.4340 2
  63.1293 -102.2946 2
  63.4040 -103.6991 2
  63.6009 -104.6623 2
  63.8024 -105.6485 2
  63.9859 -106.5441 2
  64.1868 -107.7017 2
  64.3639 -108.8308 2
  64.5246 -109.5898 2
  64.8052 -110.5026 2
  65.0689 -111.4071 2
  65.3693 -112.1492 2
  65.6291 -112.8602 2
  65.8854 -113.5184 2
  66.0504 -114.0826 2
  66.2333 -114.7208 2
  66.3834 -115.3801 2
  66.6396 -114.2562 2
  66.9563 -113.3664 2
  67.0450 -113.0504 2
  67.1169 -112.7427 2
  67.2267 -112.2635 2
  67.3155 -111.8792 2
  67.1705 -110.3845 2
  67.0558 -109.4924 2
  66.8810 -108.3804 2
  66.7214 -107.0643 2
  66.5101 -105.0794 2
  66.3264 -103.6930 2
  66.2274 -102.6025 2
  66.1378 -101.3354 2
  66.0003  -99.7101 2
  65.8946  -98.6304 2
  65.8095  -97.4530 2
  65.7089  -96.2547 2
  65.6365  -95.0447 2
  65.5904  -93.6148 2
  65.4634  -92.3436 2
  65.2977  -91.4613 2
  65.0821  -90.6669 2
  64.8586  -90.0231 2
  64.5587  -89.2421 2
  64.1965  -88.1961 2
  63.8973  -87.4237 2
  63.6633  -86.8349 2
  63.4195  -86.2924 2
  63.1529  -85.8082 2
  62.8474  -85.2838 2
  62.4043  -84.7857 2
  62.0875  -84.3467 2
  61.8632  -84.0451 2
  61.4475  -83.8396 2
  61.0087  -83.6625 2
  60.5957  -83.5995 2
  60.2349  -83.5851 2
  59.9155  -83.6380 2
  59.6332  -83.5414 2
  59.2716  -83.3043 2
  58.9159  -83.8510 2
  58.4797  -83.9823 2
  57.9137  -84.2594 2
  99.0000   99.0000 3
9999 9999,GPML,nolabel,none,black,byPlateId,1,0
 126   45.0   -inf UN   0   0   0     0
  56.6851  -86.9427 3
  56.1223  -87.7228 2
  55.6856  -88.4707 2
  55.4818  -89.1462 2
  55.9320  -89.3531 2
  56.3256  -89.4571 2
  56.7100  -89.4495 2
  57.0901  -89.4110 2
  57.6238  -89.1231 2
  58.0914  -89.0681 2
  58.5547  -89.1592 2
  58.8633  -89.5548 2
  59.1160  -89.9837 2
  59.4346  -90.4959 2
  59.6925  -90.9454 2
  59.9154  -91.3275 2
  60.1638  -91.9942 2
  60.5137  -92.7219 2
  60.5383  -93.5766 2
  60.3908  -93.8520 2
  60.4505  -94.9631 2
  60.6400  -95.3798 2
  60.7961  -95.7479 2
  60.7972  -97.0308 2
  60.9643  -97.9496 2
  61.0973  -99.1231 2
  61.3089 -100.1936 2
  61.4787 -100.6028 2
  61.6735 -101.1215 2
  61.8593 -101.6795 2
  62.0095 -102.2683 2
  62.2156 -103.1264 2
  62.6134 -103.8962 2
  62.6832 -104.2698 2
  62.8434 -105.1524 2
  63.0505 -105.8038 2
  63.2197 -106.3956 2
  63.4310 -107.0335 2
  63.6437 -107.6041 2
  63.8722 -108.2371 2
  64.0865 -108.6488 2
  64.3639 -108.8308 2
  64.1868 -107.7017 2
  63.9859 -106.5441 2
  63.8024 -105.6485 2
  63.6009 -104.6623 2
  63.4040 -103.6991 2
  63.1293 -102.2946 2
  62.9846 -101.4340 2
  62.7861 -100.2949 2
  62.6410  -99.5681 2
  62.5370  -98.3171 2
  62.5027  -97.2257 2
  62.4286  -96.3029 2
  62.3183  -95.1753 2
  62.2766  -94.0313 2
  62.3001  -93.0426 2
  62.2505  -91.6961 2
  62.0807  -90.2359 2
  61.8738  -89.0647 2
  61.6308  -88.4311 2
  61.4334  -87.9553 2
  61.1482  -87.5465 2
  60.7548  -87.1089 2
  60.2532  -86.7919 2
  59.8463  -86.6166 2
  59.4750  -86.4577 2
  59.1438  -86.4039 2
  58.5519  -86.4014 2
  58.1327  -86.2922 2
  57.7461  -86.1344 2
  57.2519  -86.4527 2
  56.6851  -86.9427 2
  99.0000   99.0000 3
9999 9999,GPML,nolabel,none,black,byPlateId,1,0
 123   15.0   -inf UN   0   0   0     0
  61.0162  -79.0236 3
  61.1498  -79.7742 2
  61.3993  -80.1321 2
  61.6311  -80.4364 2
  61.8811  -80.7784 2
  62.0880  -81.1363 2
  62.3431  -81.6409 2
  62.6752  -82.2149 2
  62.9018  -83.2214 2
  63.2057  -83.7292 2
  63.4570  -84.0357 2
  63.7674  -84.2150 2
  64.1054  -84.5023 2
  64.4841  -84.8887 2
  64.8676  -85.4258 2
  65.2238  -85.9839 2
  65.3842  -86.4897 2
  65.6080  -87.2213 2
  65.9391  -88.1306 2
  66.1366  -88.9509 2
  66.3038  -89.6967 2
  66.4398  -90.4834 2
  66.5584  -91.3089 2
  66.7060  -92.3845 2
  66.8652  -93.7981 2
  67.0104  -94.8817 2
  67.1078  -95.7504 2
  67.1723  -96.7586 2
  67.1762  -97.7980 2
  67.0794  -99.1692 2
  66.8823 -100.5973 2
  66.7463 -101.8291 2
  66.6384 -103.0686 2
  66.5202 -104.2628 2
  66.4376 -105.3778 2
  66.2944 -107.0192 2
  66.1676 -108.2691 2
  66.0793 -109.3587 2
  66.0208 -110.7907 2
  65.8923 -112.7676 2
  65.8267 -114.0842 2
  65.8088 -115.2280 2
  65.7720 -116.1146 2
  65.6690 -117.5424 2
  66.1147 -117.8660 2
  66.8966 -117.5634 2
  67.1493 -118.0304 2
  67.5224 -118.2607 2
  67.8815 -117.9320 2
  68.3570 -118.0990 2
  68.7976 -118.2438 2
  69.1811 -118.3211 2
  69.5982 -118.5487 2
  69.3654 -117.2033 2
  69.1892 -115.7169 2
  68.9471 -114.0590 2
  68.7571 -112.7059 2
  68.5598 -110.9363 2
  68.4668 -109.5219 2
  68.4067 -108.4365 2
  68.3831 -106.8905 2
  68.3206 -105.7210 2
  68.2904 -104.5259 2
  68.2536 -103.6068 2
  68.2650 -102.1094 2
  68.2270 -100.9010 2
  68.1854  -99.7071 2
  68.0529  -98.2370 2
  67.9562  -96.5308 2
  67.8686  -95.2915 2
  67.7774  -94.3015 2
  67.7143  -93.2131 2
  67.6410  -92.2252 2
  67.5210  -90.8606 2
  67.4168  -89.6252 2
  67.3205  -88.4788 2
  67.2377  -87.8813 2
  67.2049  -86.9687 2
  67.0486  -85.8486 2
  66.9388  -85.0648 2
  66.8174  -84.4045 2
  66.8282  -82.8765 2
  66.5569  -82.7076 2
  66.4632  -82.0046 2
  66.5457  -80.9994 2
  66.1377  -81.0039 2
  65.7635  -80.6812 2
  65.3714  -80.4210 2
  64.9791  -80.1849 2
  64.6011  -80.0171 2
  64.3365  -79.8534 2
  63.8786  -79.6649 2
  63.2760  -79.3548 2
  62.8303  -79.2547 2
  62.4167  -79.0705 2
  62.1037  -79.0026 2
  61.7175  -78.8340 2
  61.0162  -79.0236 2
  99.0000   99.0000 3
9999 9999,GPML,nolabel,none,black,byPlateId,1,0
 121   15.0   -inf UN   0   0   0     0
  67.5275  -78.9158 3
  67.0889  -78.7541 2
  66.6081  -78.8775 2
  66.6385  -80.0335 2
  66.5457  -80.9994 2
  66.8417  -81.3752 2
  66.8916  -81.8314 2
  66.8282  -82.8765 2
  67.1123  -83.1046 2
  67.2384  -83.7735 2
  67.4053  -84.5219 2
  67.6137  -85.4231 2
  67.7899  -86.1129 2
  68.0734  -86.9163 2
  68.3115  -87.6741 2
  68.5104  -88.4889 2
  68.7364  -89.5357 2
  68.8756  -90.1799 2
  69.0350  -91.0690 2
  69.2090  -91.9851 2
  69.3773  -92.7884 2
  69.5544  -93.7196 2
  69.7758  -94.7203 2
  69.9682  -95.5835 2
  70.3816  -95.9691 2
  70.7523  -93.5086 2
  71.3275  -91.1901 2
  71.5581  -89.2535 2
  71.5933  -87.6813 2
  71.5207  -86.6034 2
  71.3481  -86.0032 2
  71.0920  -85.4665 2
  70.7251  -84.8061 2
  70.3823  -84.4348 2
  70.0672  -84.0511 2
  69.8678  -83.5171 2
  69.6668  -82.9988 2
  69.4477  -82.5681 2
  69.1455  -81.8624 2
  68.7946  -81.0585 2
  68.5479  -80.5392 2
  68.2266  -79.9278 2
  67.8782  -79.2682 2
  67.5275  -78.9158 2
  99.0000   99.0000 3
9999 9999,GPML,nolabel,none,black,byPlateId,1,0
 103 4500.0   -inf UN   0   0   0     0
  84.1694 -116.3062 3
  81.6239 -128.0819 2
  84.1731 -116.3334 2
  84.1694 -116.3062 2
  99.0000   99.0000 3
9999 9999,GPML,nolabel,none,black,byPlateId,1,0
 103 4500.0   -inf UN   0   0   0     0
  81.6239 -128.0819 3
  84.1694 -116.3062 2
  83.8169 -113.8877 2
  83.5841 -112.7159 2
  83.3730 -111.7859 2
  83.1836 -110.8839 2
  83.0335 -109.9592 2
  82.8638 -108.7740 2
  82.7190 -107.7898 2
  82.5237 -106.5232 2
  82.3922 -105.7529 2
  82.2067 -104.6285 2
  82.0541 -103.6546 2
  81.8410 -102.3644 2
  81.6444 -101.1069 2
  81.6444 -101.1069 2
  81.4566  -99.9601 2
  81.3239  -98.9553 2
  81.1896  -97.9341 2
  80.9763  -96.5450 2
  80.8180  -95.3127 2
  80.6719  -93.9946 2
  80.5161  -92.9301 2
  80.2855  -91.3391 2
  80.0621  -89.7393 2
  79.9372  -88.6783 2
  79.7876  -87.5499 2
  79.6561  -86.4470 2
  79.4794  -85.1654 2
  79.2796  -83.8342 2
  79.0912  -82.7669 2
  78.9900  -82.1469 2
  78.9167  -80.6520 2
  78.6882  -80.2410 2
  78.5730  -79.9214 2
  78.3770  -79.5529 2
  78.1782  -79.1698 2
  77.9928  -78.8278 2
  77.7593  -78.3713 2
  77.4864  -77.9394 2
  77.2415  -77.7655 2
  76.8692  -77.4683 2
  76.4547  -77.0163 2
  76.1201  -76.5189 2
  75.8157  -75.8448 2
  75.5718  -75.2457 2
  75.4235  -74.7564 2
  75.2113  -74.0503 2
  74.9482  -73.3828 2
  74.6870  -72.6892 2
  74.4955  -72.3713 2
  74.2794  -72.0157 2
  74.0810  -71.4593 2
  73.8351  -70.7126 2
  73.6367  -70.0004 2
  73.3685  -69.8027 2
  72.9018  -70.0443 2
  72.5734  -70.3138 2
  72.0806  -71.7367 2
  71.6665  -73.4331 2
  71.6058  -74.8960 2
  71.6872  -76.1616 2
  71.7224  -77.2209 2
  71.7322  -78.3729 2
  71.7599  -79.2376 2
  71.7963  -80.3634 2
  71.8376  -81.3627 2
  71.8796  -82.3923 2
  72.0090  -83.8145 2
  72.2374  -84.4611 2
  72.7088  -84.8135 2
  73.1035  -85.4984 2
  73.3898  -86.3404 2
  73.6332  -87.5759 2
  73.8552  -88.7313 2
  74.0179  -89.6881 2
  74.2384  -91.1402 2
  74.4243  -92.4177 2
  74.5686  -93.2525 2
  74.6835  -94.1714 2
  74.7938  -95.1102 2
  75.0292  -96.0568 2
  75.2899  -97.0508 2
  75.5302  -98.4462 2
  75.6856  -99.5203 2
  75.7558 -100.5246 2
  75.6680 -101.8918 2
  75.4122 -103.6036 2
  74.9281 -105.3453 2
  74.0777 -106.9114 2
  73.3865 -108.9616 2
  73.2889 -110.5413 2
  73.2327 -111.6979 2
  73.2260 -112.4584 2
  73.2565 -113.2731 2
  73.2830 -114.3271 2
  73.3326 -115.5020 2
  73.3510 -116.4965 2
  73.4018 -117.5993 2
  73.4903 -118.7683 2
  73.6010 -119.8734 2
  73.6886 -120.9008 2
  73.8125 -121.8836 2
  73.9593 -122.6445 2
  74.2336 -123.5032 2
  74.5631 -124.5757 2
  74.8104 -125.4636 2
  75.0656 -126.2479 2
  75.3178 -126.9210 2
  75.5822 -128.0015 2
  75.8308 -129.0140 2
  76.1782 -130.3164 2
  76.5903 -131.4426 2
  76.8673 -132.5100 2
  77.1189 -133.3646 2
  77.3606 -134.2008 2
  77.9245 -135.7233 2
  81.6239 -128.0819 2
  99.0000   99.0000 3
9999 9999,GPML,nolabel,none,black,byPlateId,1,0
 102 4500.0   -inf UN   0   0   0     0
  66.6467    5.6190 3
  66.5626    5.4007 2
  66.4944    5.1937 2
  66.4376    5.0188 2
  66.3638    4.7628 2
  66.0905    4.4959 2
  65.7476    4.6050 2
  65.6196    4.6901 2
  65.5103    4.9275 2
  65.4159    5.1319 2
  65.3052    5.4039 2
  65.1534    5.6951 2
  64.9808    5.9321 2
  64.6696    6.2563 2
  64.5348    6.4245 2
  64.4116    6.6172 2
  64.3170    6.7840 2
  64.1627    7.1101 2
  64.0355    7.3878 2
  63.9273    7.6542 2
  63.7815    7.9134 2
  63.6117    8.1838 2
  63.4359    8.4541 2
  63.2306    8.7525 2
  63.0199    8.9940 2
  62.7834    9.2045 2
  62.3107    9.4182 2
  62.0030    9.5744 2
  61.5006    9.6912 2
  60.9673    9.7678 2
  60.1266    9.8660 2
  59.3408    9.7619 2
  59.0209    9.5235 2
  58.8500    9.3276 2
  58.7290    9.1444 2
  58.3843    8.7529 2
  58.1852    8.4256 2
  57.9182    7.9952 2
  57.7170    7.6196 2
  57.5161    7.2575 2
  57.2804    6.8435 2
  57.0502    6.4997 2
  56.8543    6.1161 2
  56.6464    5.8548 2
  56.4499    5.6287 2
  56.1109    5.2271 2
  55.8403    4.8351 2
  55.2899    4.4222 2
  54.8643    4.0310 2
  54.5665    3.6583 2
  54.3250    3.3506 2
  54.0096    3.0541 2
  53.6475    2.6893 2
  53.4931    2.3921 2
  53.4656    1.9637 2
  53.5076    1.4742 2
  53.1526    1.0545 2
  52.5821    0.5977 2
  52.2908    0.1997 2
  52.0565   -0.1840 2
  51.8617   -0.5358 2
  51.5843   -1.0876 2
  51.4051   -1.5763 2
  51.2581   -1.9765 2
  51.1680   -2.3735 2
  51.1816   -2.6605 2
  51.1764   -2.9469 2
  51.1427   -3.4080 2
  51.0886   -3.7576 2
  51.0489   -4.1504 2
  50.9027   -4.6913 2
  50.7997   -5.1496 2
  50.6712   -5.5965 2
  50.5167   -5.9381 2
  50.2884   -6.3717 2
  49.9330   -6.9289 2
  49.6286   -7.4630 2
  49.4259   -7.8889 2
  49.1432   -8.5545 2
  48.9150   -9.1594 2
  48.7611   -9.5627 2
  48.8250   -9.9782 2
  48.7492  -10.3777 2
  48.5147  -10.7419 2
  48.2719  -11.1397 2
  47.9821  -11.6278 2
  47.6470  -12.0976 2
  47.2923  -12.5305 2
  46.8836  -13.0565 2
  46.3265  -13.5729 2
  45.6007  -13.9178 2
  45.1403  -14.1866 2
  44.5438  -14.6651 2
  43.9949  -15.2899 2
  43.8080  -15.8459 2
  43.7780  -16.2690 2
  43.8701  -16.7914 2
  44.0654  -17.2716 2
  44.5213  -17.5400 2
  44.8463  -17.8541 2
  45.0343  -18.2927 2
  45.3267  -18.6745 2
  45.7374  -18.9233 2
  46.2035  -19.2699 2
  46.6415  -19.5810 2
  47.0540  -19.4603 2
  47.5138  -19.5548 2
  47.9022  -19.9475 2
  48.3559  -20.1441 2
  48.8106  -20.1549 2
  49.3384  -20.0192 2
  49.8412  -19.7639 2
  50.1669  -19.7459 2
  49.8422  -20.1814 2
  49.9218  -20.5177 2
  50.4778  -20.7100 2
  50.9802  -20.7787 2
  51.3490  -20.8318 2
  51.8717  -20.8266 2
  52.5058  -20.6771 2
  52.9581  -20.4677 2
  53.6099  -20.0516 2
  54.2037  -19.5228 2
  54.9508  -19.1067 2
  55.4284  -18.8694 2
  55.8235  -18.2480 2
  56.3281  -17.5582 2
  56.6893  -17.5495 2
  57.1222  -17.5692 2
  57.4717  -17.6563 2
  57.8991  -17.6385 2
  58.3421  -17.4749 2
  58.9064  -17.1278 2
  59.2692  -17.0315 2
  59.5034  -17.0347 2
  59.7588  -17.0204 2
  59.9714  -17.0736 2
  60.2708  -17.1632 2
  60.4646  -17.2814 2
  60.6513  -17.5637 2
  60.7587  -17.7335 2
  60.9271  -17.9655 2
  61.1841  -18.1136 2
  61.5650  -18.2266 2
  61.8431  -18.5002 2
  61.9673  -18.7195 2
  62.1930  -18.9040 2
  62.3860  -19.0380 2
  62.5697  -19.2069 2
  62.8246  -19.3813 2
  63.1629  -19.4923 2
  63.3324  -19.5361 2
  63.4559  -19.6769 2
  63.5420  -19.8842 2
  63.8178  -19.8768 2
  64.0700  -19.9958 2
  64.5091  -20.0779 2
  64.7831  -18.9921 2
  64.9597  -18.2517 2
  65.1733  -17.1483 2
  65.3549  -16.2285 2
  65.4797  -15.3955 2
  65.5736  -14.6848 2
  65.6769  -14.0129 2
  65.7714  -13.3279 2
  65.8703  -12.6014 2
  65.9403  -12.0846 2
  66.0026  -11.5758 2
  66.0765  -11.0348 2
  66.1484  -10.4902 2
  66.2014   -9.8958 2
  66.2455   -9.3552 2
  66.3038   -8.7211 2
  66.3578   -8.1999 2
  66.4149   -7.6905 2
  66.5016   -7.0300 2
  66.5596   -6.4383 2
  66.6046   -5.9145 2
  66.6301   -5.3632 2
  66.6626   -4.7740 2
  66.6976   -4.0978 2
  66.7347   -3.5400 2
  66.7656   -2.9859 2
  66.7955   -2.2533 2
  66.8247   -1.6719 2
  66.8717   -1.0064 2
  66.9204   -0.2974 2
  67.1539    0.4941 2
  67.0792    0.8564 2
  67.1379    1.1405 2
  67.1445    1.4099 2
  67.1427    1.6170 2
  67.1449    1.8494 2
  67.1350    2.0677 2
  67.1627    2.4012 2
  67.1883    2.6276 2
  67.2333    2.9392 2
  67.2752    3.3243 2
  67.2470    3.6625 2
  67.2412    3.8578 2
  67.3319    4.3702 2
  67.4088    4.9786 2
  67.4456    5.3997 2
  67.4593    5.5404 2
  67.5691    5.8911 2
  67.6017    6.1126 2
  67.6100    6.3508 2
  67.5874    6.6183 2
  67.5770    6.7714 2
  67.5338    6.9732 2
  67.1591    6.8669 2
  67.0605    6.6544 2
  66.9177    6.3623 2
  66.7708    5.9847 2
  66.6467    5.6190 2
  99.0000   99.0000 3
9999 9999,GPML,nolabel,none,black,byPlateId,1,0
 103 4500.0   -inf UN   0   0   0     0
  85.4934 -133.9524 3
  85.3690 -131.2137 2
  85.2179 -127.6124 2
  85.0606 -124.7762 2
  84.9691 -123.0093 2
  84.7801 -120.9160 2
  84.5268 -119.0060 2
  84.3122 -117.2715 2
  77.9260 -136.2569 2
  78.1578 -137.6451 2
  78.4661 -139.3558 2
  78.6779 -140.4957 2
  78.8901 -141.8354 2
  79.1196 -143.3726 2
  79.2690 -144.3500 2
  79.4312 -145.5829 2
  79.6316 -146.4101 2
  79.6574 -147.3306 2
  79.7319 -148.8791 2
  79.8593 -150.8694 2
  79.9326 -152.2712 2
  79.9998 -154.1463 2
  80.0844 -155.6660 2
  80.2094 -157.2536 2
  80.3135 -158.6415 2
  80.4415 -160.1924 2
  80.5752 -161.9489 2
  80.6927 -163.4466 2
  80.9366 -165.3949 2
  81.3035 -168.4179 2
  81.6443 -170.4789 2
  81.9330 -172.1214 2
  82.1688 -173.6663 2
  82.3702 -175.8654 2
  82.6213 -178.1744 2
  82.9923 -177.1416 2
  83.2865 -176.3703 2
  83.5658 -175.6011 2
  83.9227 -174.7409 2
  84.3039 -173.7451 2
  84.7735 -172.2113 2
  85.3894 -170.8742 2
  86.0275 -169.6223 2
  86.0692 -167.6918 2
  86.0580 -165.2357 2
  86.0058 -161.7524 2
  86.0268 -156.4879 2
  86.0176 -152.9114 2
  85.9962 -149.3855 2
  85.9404 -145.5681 2
  85.8030 -141.1225 2
  85.6784 -138.1069 2
  85.5909 -136.1888 2
  85.4934 -133.9524 2
  99.0000   99.0000 3
9999 9999,GPML,nolabel,none,black,byPlateId,1,0
 117  145.0   -inf UN   0   0   0     0
  84.8327 -110.8165 3
  84.2392 -115.8050 2
  84.2436 -115.8267 2
  84.8327 -110.8165 2
  99.0000   99.0000 3
9999 9999,GPML,nolabel,none,black,byPlateId,1,0
 117  145.0   -inf UN   0   0   0     0
  84.2392 -115.8050 3
  84.8327 -110.8165 2
  86.4585  -77.1807 2
  86.1420  -77.2610 2
  85.9669  -77.6794 2
  85.8048  -77.9280 2
  85.6515  -78.0535 2
  85.6515  -78.0535 2
  85.5350  -78.2134 2
  85.4690  -76.9816 2
  85.2615  -78.3067 2
  85.0967  -78.2047 2
  84.9486  -78.0142 2
  84.7523  -77.6359 2
  84.5630  -77.2043 2
  84.2762  -79.6061 2
  84.0785  -79.7641 2
  83.8594  -79.7216 2
  83.6326  -79.9115 2
  83.4588  -79.8084 2
  83.2865  -79.8620 2
  83.1526  -79.7091 2
  83.0244  -79.2442 2
  82.9573  -78.4316 2
  82.6788  -79.5108 2
  82.4265  -79.3356 2
  82.2317  -79.2320 2
  82.0243  -79.1949 2
  81.7970  -79.1431 2
  81.5403  -79.1085 2
  81.2608  -79.0899 2
  81.0826  -79.0894 2
  80.9333  -78.7661 2
  80.7846  -78.2698 2
  80.3318  -80.2256 2
  80.1030  -80.2690 2
  79.7720  -80.5509 2
  79.5272  -80.6662 2
  79.2896  -80.7922 2
  78.9167  -80.6520 2
  78.9900  -82.1469 2
  79.0912  -82.7669 2
  79.2796  -83.8342 2
  79.4794  -85.1654 2
  79.6561  -86.4470 2
  79.7876  -87.5499 2
  79.9372  -88.6783 2
  80.0621  -89.7393 2
  80.2855  -91.3391 2
  80.5161  -92.9301 2
  80.6719  -93.9946 2
  80.8180  -95.3127 2
  80.9763  -96.5450 2
  81.1896  -97.9341 2
  81.3239  -98.9553 2
  81.4566  -99.9601 2
  81.6444 -101.1069 2
  81.8410 -102.3644 2
  82.0541 -103.6546 2
  82.2067 -104.6285 2
  82.3922 -105.7529 2
  82.5237 -106.5232 2
  82.7190 -107.7898 2
  82.8638 -108.7740 2
  83.0335 -109.9592 2
  83.1836 -110.8839 2
  83.3730 -111.7859 2
  83.5841 -112.7159 2
  83.8169 -113.8877 2
  84.2392 -115.8050 2
  99.0000   99.0000 3
9999 9999,GPML,nolabel,none,black,byPlateId,1,0
 117  145.0   -inf UN   0   0   0     0
  85.6765   46.9865 3
  85.7905   46.8906 2
  85.8676   44.8535 2
  85.9749   43.3846 2
  86.0724   42.3447 2
  86.1064   40.7318 2
  86.2427   39.4915 2
  86.3509   37.8603 2
  86.4538   36.3119 2
  86.5818   33.9806 2
  86.7021   32.1050 2
  86.7880   30.9295 2
  86.9200   29.2035 2
  87.0522   27.4358 2
  87.2337   24.2003 2
  87.4126   21.2117 2
  87.5652   18.5383 2
  87.7096   15.7831 2
  87.8337   12.1088 2
  87.9441    7.9732 2
  87.9974    3.6466 2
  88.2887   -6.4859 2
  88.3726  -16.1575 2
  88.3825  -26.9934 2
  88.3587  -33.5725 2
  88.3031  -40.1556 2
  88.1474  -50.9596 2
  87.9950  -58.9020 2
  87.6879  -66.6781 2
  87.4875  -69.2938 2
  87.2752  -71.2178 2
  87.1286  -72.3741 2
  86.9245  -73.6566 2
  86.7784  -74.6459 2
  86.5844  -75.9960 2
  84.3122 -117.2715 2
  84.5268 -119.0060 2
  84.7801 -120.9160 2
  84.9691 -123.0093 2
  85.0606 -124.7762 2
  85.2179 -127.6124 2
  85.3690 -131.2137 2
  85.4934 -133.9524 2
  85.5909 -136.1888 2
  85.6784 -138.1069 2
  85.8030 -141.1225 2
  85.9404 -145.5681 2
  85.9962 -149.3855 2
  86.0176 -152.9114 2
  86.0268 -156.4879 2
  86.0058 -161.7524 2
  86.0580 -165.2357 2
  86.0692 -167.6918 2
  86.0275 -169.6223 2
  86.1435 -171.1664 2
  86.2193 -173.9016 2
  86.3473 -177.3534 2
  86.4780  178.6779 2
  86.5830  175.0399 2
  86.6619  171.6786 2
  86.7543  167.7131 2
  86.8466  163.3261 2
  86.9327  158.0278 2
  87.0263  151.4033 2
  87.0738  145.0542 2
  87.0788  139.2966 2
  87.0653  134.2339 2
  87.0116  128.9959 2
  86.9533  125.1437 2
  86.8645  121.6753 2
  86.7645  118.9345 2
  86.6366  115.8686 2
  86.5075  112.6420 2
  86.3657  110.1332 2
  86.2430  108.5634 2
  86.1006  106.5998 2
  85.9841  105.1583 2
  85.8515  103.7996 2
  85.6510  101.7291 2
  85.5205  100.1901 2
  85.3181   98.3084 2
  85.1478   96.8313 2
  84.9856   95.5666 2
  84.7915   94.3664 2
  84.5949   93.4111 2
  84.3999   92.4330 2
  84.2626   91.8871 2
  84.0696   91.0656 2
  83.7812   89.9643 2
  83.4739   88.6780 2
  83.2475   87.9315 2
  83.0354   87.6037 2
  82.7928   87.1028 2
  82.5781   86.4072 2
  82.3060   87.9780 2
  82.2732   85.7695 2
  82.1349   85.5883 2
  81.9811   85.2021 2
  81.8121   84.5923 2
  81.6744   84.0482 2
  81.5483   83.4068 2
  81.4431   81.3641 2
  81.6800   80.2384 2
  81.8880   79.9790 2
  82.0642   79.7379 2
  82.1677   79.5327 2
  82.3308   79.1229 2
  82.4420   78.8145 2
  82.5879   78.2714 2
  82.7436   76.9002 2
  82.9057   75.8824 2
  83.0224   74.8182 2
  83.1611   74.0814 2
  83.3422   73.0972 2
  83.4664   72.3996 2
  83.6004   71.9702 2
  83.7418   71.5605 2
  83.8752   70.9998 2
  84.0026   69.8688 2
  84.0900   68.9770 2
  84.1723   67.3376 2
  84.2040   64.5803 2
  84.3959   65.5473 2
  84.5541   63.8420 2
  84.6812   62.4543 2
  84.8098   60.9889 2
  84.8944   60.0504 2
  85.0428   58.6813 2
  85.1825   57.1441 2
  85.3321   55.3293 2
  85.4429   54.0065 2
  85.5841   52.1967 2
  85.7188   50.3802 2
  85.6765   46.9865 2
  99.0000   99.0000 3
9999 9999,GPML,nolabel,none,black,byPlateId,1,0
 114  145.0   -inf UN   0   0   0     0
  75.3601   19.2784 3
  75.6126   19.5095 2
  75.7965   19.8858 2
  75.7933   20.0137 2
  75.7919   20.1259 2
  75.7875   20.1983 2
  75.7832   20.3508 2
  75.8022   20.6208 2
  75.8330   20.7399 2
  75.9717   21.1938 2
  76.1003   21.6738 2
  76.1532   21.9157 2
  76.2439   22.3753 2
  76.3155   22.8038 2
  76.3938   23.2864 2
  76.4832   23.8083 2
  76.5262   24.0889 2
  76.5829   24.5251 2
  76.6418   24.9640 2
  76.7217   25.5823 2
  76.8739   26.4505 2
  77.3347   28.5281 2
  77.7964   30.6878 2
  77.9834   31.2549 2
  78.1655   31.6016 2
  78.3281   31.9339 2
  78.5357   32.2577 2
  78.7018   32.5100 2
  78.8897   32.8018 2
  78.9613   32.7438 2
  79.0329   32.5237 2
  79.1107   32.4488 2
  79.2674   32.6980 2
  79.5862   34.5444 2
  79.6518   35.5602 2
  79.6514   36.1075 2
  79.6178   36.6336 2
  79.5818   37.0853 2
  79.5429   37.7219 2
  79.5467   38.4474 2
  79.7321   40.5165 2
  79.8558   42.1979 2
  79.8911   43.5167 2
  79.9717   45.5331 2
  80.1818   48.7827 2
  80.4445   51.7869 2
  80.5928   52.5078 2
  80.7236   52.6241 2
  80.9029   52.9057 2
  81.0629   52.8397 2
  81.2319   53.2977 2
  81.3370   53.3489 2
  81.4811   53.1661 2
  81.6401   54.2888 2
  81.6065   56.0451 2
  81.4398   56.7008 2
  81.2679   57.3801 2
  81.1355   57.8889 2
  80.9570   58.6231 2
  80.7942   59.2577 2
  80.6262   59.8198 2
  80.5283   60.2373 2
  80.3799   60.9111 2
  80.2349   61.5640 2
  80.0562   62.3911 2
  79.8783   61.7026 2
  79.7804   57.1558 2
  79.6364   53.6583 2
  79.4833   50.9918 2
  79.3041   47.8352 2
  79.0495   44.3429 2
  78.6493   40.1574 2
  78.2615   36.8139 2
  78.0033   35.0203 2
  77.8041   33.9060 2
  77.6412   33.0654 2
  77.3995   31.6704 2
  77.1660   30.3319 2
  76.8623   28.7506 2
  76.6215   27.5908 2
  76.4790   26.9145 2
  76.2313   25.8574 2
  75.9787   24.6949 2
  75.7117   23.0597 2
  75.4406   21.8079 2
  75.3287   21.1983 2
  75.3283   21.1283 2
  75.3319   21.0356 2
  75.3371   20.9914 2
  75.3532   20.9012 2
  75.3645   20.8360 2
  75.3540   20.6943 2
  75.3429   20.5932 2
  75.3466   20.4675 2
  75.3444   20.3477 2
  75.3483   20.3094 2
  75.3640   20.2453 2
  75.3536   20.0533 2
  75.3600   20.0256 2
  75.3777   19.9516 2
  75.3818   19.7815 2
  75.3736   19.6780 2
  75.3650   19.5753 2
  75.3728   19.4269 2
  75.3601   19.2784 2
  99.0000   99.0000 3
9999 9999,GPML,nolabel,none,black,byPlateId,1,0
 114  145.0   -inf UN   0   0   0     0
  74.8534   15.6126 3
  74.8160   15.4813 2
  74.7702   15.4978 2
  74.7357   15.4484 2
  74.7275   15.4397 2
  74.6767   15.2673 2
  74.6589   15.2887 2
  74.6316   15.3204 2
  74.5889   15.4016 2
  74.5425   15.3440 2
  74.5045   15.3776 2
  74.4742   15.4963 2
  74.4267   15.4641 2
  74.3783   15.3529 2
  74.3432   15.3388 2
  74.3251   15.3322 2
  74.2830   15.3066 2
  74.2628   15.3108 2
  74.2326   15.3388 2
  74.2191   15.3503 2
  74.1727   15.4197 2
  74.1420   15.4198 2
  74.1277   15.4141 2
  74.0873   15.4559 2
  74.0538   15.4504 2
  74.0129   15.3245 2
  73.7565   14.3026 2
  73.4536   13.0226 2
  73.2923   12.5305 2
  73.2289   12.4726 2
  73.1059   12.3879 2
  73.0092   12.2413 2
  72.9320   12.1094 2
  72.7009   11.5108 2
  72.3568   10.4695 2
  71.8404    8.9363 2
  71.6019    8.0603 2
  71.5093    7.5544 2
  71.4429    7.2085 2
  71.3506    6.6874 2
  71.3131    6.3879 2
  71.2783    6.1169 2
  71.0691    5.3930 2
  71.0316    5.1079 2
  71.0929    4.9066 2
  71.1802    4.5764 2
  71.2844    4.3487 2
  71.3882    4.1183 2
  71.5702    3.7332 2
  71.7749    3.3340 2
  72.0432    2.7755 2
  72.2263    2.4163 2
  72.4184    2.0413 2
  72.5701    1.6815 2
  72.7647    1.2530 2
  73.0106    1.2611 2
  73.0294    2.3432 2
  73.0054    2.6567 2
  72.9633    2.8673 2
  72.9588    3.3279 2
  72.8837    3.6220 2
  72.8439    3.8237 2
  72.8168    4.1564 2
  72.7920    4.5439 2
  72.7614    5.0398 2
  72.7541    5.3666 2
  72.7474    5.7459 2
  72.7287    6.0438 2
  72.7118    6.4376 2
  72.6888    6.9705 2
  72.7059    7.2953 2
  72.7282    7.6502 2
  72.7497    7.9615 2
  72.9456    9.0683 2
  73.1562    9.8776 2
  73.2248    9.9582 2
  73.2994   10.0055 2
  73.4379   10.1380 2
  73.5237   10.1095 2
  73.5509   10.0765 2
  73.6498   10.2619 2
  73.7129   10.3915 2
  73.9479   11.7846 2
  74.0996   12.3987 2
  74.2141   12.7012 2
  74.3001   12.8599 2
  74.3395   12.6631 2
  74.4367   13.1335 2
  74.4965   13.0852 2
  74.5592   13.3120 2
  74.6016   13.1060 2
  74.6416   12.1654 2
  74.6950   12.0453 2
  74.7647   12.1083 2
  74.8266   12.4724 2
  74.8761   12.6818 2
  74.9256   12.9200 2
  74.9832   12.9720 2
  75.0285   13.0136 2
  75.0696   13.2204 2
  75.1110   13.4320 2
  75.1457   13.7006 2
  75.1358   14.3953 2
  74.8977   15.6416 2
  74.8585   15.7476 2
  74.8534   15.6126 2
  99.0000   99.0000 3
9999 9999,GPML,nolabel,none,black,byPlateId,1,0
 114  145.0   -inf UN   0   0   0     0
  75.2716   15.4483 3
  75.3041   15.4851 2
  75.3236   15.5596 2
  75.3324   15.6548 2
  75.3353   15.7895 2
  75.3566   15.9670 2
  75.3658   16.0717 2
  75.3754   16.1094 2
  75.3783   16.1920 2
  75.4063   16.3114 2
  75.4035   16.3807 2
  75.3982   16.5049 2
  75.3927   16.6290 2
  75.3621   16.7914 2
  75.3952   16.8638 2
  75.4004   16.9300 2
  75.4077   16.9705 2
  75.4400   17.0110 2
  75.4771   17.0709 2
  75.5003   17.2206 2
  75.5155   17.2970 2
  75.5516   17.3014 2
  75.5786   17.3766 2
  75.5660   17.4459 2
  75.5626   17.5543 2
  75.5881   17.6027 2
  75.5793   17.6586 2
  75.5924   17.7855 2
  75.6524   17.8993 2
  75.7308   18.0697 2
  75.7434   18.2372 2
  75.7465   18.3167 2
  75.7947   18.4195 2
  75.7881   18.4738 2
  75.8079   18.5341 2
  75.8557   18.6773 2
  75.9031   18.9339 2
  75.9132   19.0423 2
  75.9010   19.2278 2
  75.8859   19.3325 2
  75.8708   19.4370 2
  75.8629   19.5452 2
  75.8432   19.6286 2
  75.8299   19.6972 2
  75.7996   19.7836 2
  75.7971   19.8820 2
  75.7240   19.7363 2
  75.6158   19.5289 2
  75.5789   19.4769 2
  75.4614   19.3750 2
  75.3916   19.3075 2
  75.3606   19.2803 2
  75.3115   19.0068 2
  75.2486   18.4385 2
  75.2159   18.0107 2
  75.2025   17.6721 2
  75.1301   17.3057 2
  75.0380   16.9723 2
  74.9925   16.7716 2
  75.0699   16.4774 2
  75.1886   16.0149 2
  75.2206   15.8928 2
  75.2737   15.4438 2
  75.2716   15.4483 2
  99.0000   99.0000 3
9999 9999,GPML,nolabel,none,black,byPlateId,1,0
 114  145.0   -inf UN   0   0   0     0
  75.2204   15.9014 3
  74.9903   16.7949 2
  74.9620   16.7349 2
  74.9471   16.7609 2
  74.9268   16.6844 2
  74.9234   16.5200 2
  74.9081   16.4697 2
  74.9019   16.4462 2
  74.8742   16.4093 2
  74.8697   15.7443 2
  75.1358   14.3953 2
  75.1597   14.4485 2
  75.1443   14.6704 2
  75.1493   14.7871 2
  75.1556   14.9887 2
  75.1933   15.0375 2
  75.2047   15.0478 2
  75.2455   15.0573 2
  75.2602   15.2469 2
  75.2705   15.3948 2
  75.2737   15.4459 2
  75.2204   15.9014 2
  99.0000   99.0000 3
9999 9999,GPML,nolabel,none,black,byPlateId,1,0
 101   65.0   -inf UN   0   0   0     0
  18.2570  -44.6384 3
  17.7470  -44.8255 2
  17.2732  -44.6962 2
  16.9241  -44.3126 2
  17.6291  -44.3587 2
  18.2570  -44.6384 2
  18.6614  -44.2412 2
  18.9090  -43.6007 2
  18.5669  -43.3315 2
  17.9984  -43.2368 2
  18.0381  -43.7547 2
  17.2576  -43.4697 2
  16.8370  -42.8223 2
  16.1568  -42.8497 2
  15.2865  -43.4218 2
  15.0714  -44.2282 2
  15.4473  -44.7317 2
  15.9300  -45.3510 2
  16.2867  -45.7705 2
  16.7791  -45.9590 2
  17.2482  -46.2238 2
  17.6655  -46.2951 2
  18.2176  -46.3009 2
  18.7083  -46.2421 2
  19.2640  -46.1503 2
  19.8957  -45.8550 2
  19.6004  -45.3193 2
  19.4762  -44.9266 2
  19.0425  -44.8302 2
  18.2570  -44.6384 2
  99.0000   99.0000 3
9999 9999,GPML,nolabel,none,black,byPlateId,1,0
 135   55.0   -inf UN   0   0   0     0
  14.6324  -62.1178 3
  14.8429  -62.7167 2
  15.3650  -63.2307 2
  15.9720  -63.7789 2
  16.3695  -64.1021 2
  17.3310  -64.4920 2
  18.2375  -64.6943 2
  19.0482  -64.9655 2
  19.7584  -65.1708 2
  20.4022  -65.3357 2
  20.9874  -65.4013 2
  21.7681  -65.4902 2
  22.5242  -65.5381 2
  23.2314  -65.5747 2
  23.8290  -65.6539 2
  24.2972  -65.5499 2
  24.7723  -65.5697 2
  25.3440  -65.5825 2
  25.9437  -65.3680 2
  26.0999  -64.8529 2
  26.2534  -63.9231 2
  26.4905  -63.0040 2
  26.7764  -62.2304 2
  27.1699  -61.3851 2
  27.5233  -60.6773 2
  27.7999  -60.0558 2
  27.9134  -59.4066 2
  27.9760  -58.7966 2
  27.9402  -58.3582 2
  27.8576  -57.8898 2
  27.7205  -57.5058 2
  27.5901  -56.9717 2
  27.3533  -56.2920 2
  26.9721  -55.6249 2
  26.6244  -54.9817 2
  26.3730  -54.6384 2
  26.0610  -54.2515 2
  25.6692  -53.9652 2
  25.1750  -53.5684 2
  24.8548  -53.2441 2
  24.6599  -53.8741 2
  24.5415  -54.3422 2
  24.3577  -54.9461 2
  24.2277  -55.5248 2
  24.1912  -56.3964 2
  24.2766  -57.1055 2
  24.3938  -58.1126 2
  24.5091  -59.2834 2
  24.6873  -60.3785 2
  24.7822  -61.2647 2
  24.2195  -61.7883 2
  23.5825  -62.0098 2
  22.8505  -62.2872 2
  22.0721  -62.8927 2
  21.5364  -63.2760 2
  20.8584  -63.4596 2
  20.3282  -63.6888 2
  19.8106  -63.6932 2
  19.2510  -63.6612 2
  18.7920  -63.5329 2
  18.2311  -63.4932 2
  17.6348  -63.3383 2
  16.9631  -63.1251 2
  16.5621  -62.9421 2
  16.0859  -62.6013 2
  15.4680  -62.3574 2
  14.6324  -62.1178 2
  99.0000   99.0000 3
9999 9999,GPML,nolabel,none,black,byPlateId,1,0
 135   55.0   -inf UN   0   0   0     0
  14.6324  -62.1178 3
  14.2460  -61.5919 2
  13.5268  -61.2671 2
  13.9009  -61.8657 2
  14.6324  -62.1178 2
  99.0000   99.0000 3
9999 9999,GPML,nolabel,none,black,byPlateId,1,0
 101   65.0   -inf UN   0   0   0     0
  19.9722  -43.9494 3
  19.4027  -43.9870 2
  19.8897  -44.4473 2
  20.2200  -45.1903 2
  20.8004  -45.5886 2
  21.3039  -45.5222 2
  21.1697  -45.1339 2
  20.8731  -44.7243 2
  20.5094  -44.3782 2
  19.9722  -43.9494 2
  99.0000   99.0000 3
9999 9999,GPML,nolabel,none,black,byPlateId,1,0
 101   50.0   -inf UN   0   0   0     0
  13.2994  -38.9743 3
  13.0326  -39.2286 2
  13.1726  -39.6459 2
  13.3871  -40.0862 2
  13.7390  -40.4095 2
  14.1507  -40.6763 2
  14.3916  -40.0736 2
  13.7462  -39.5001 2
  13.2994  -38.9743 2
  99.0000   99.0000 3
