9999 9999,GPML,nolabel,none,black,byPlateId,1,0
 101 4500.0   -inf UN   0   0   0     0
  54.4917  -43.9345 3
  54.4328  -43.6703 2
  54.3821  -43.1908 2
  54.3417  -42.6086 2
  54.3315  -42.1534 2
  54.3124  -41.7883 2
  54.3127  -41.5256 2
  54.3504  -41.0878 2
  54.3867  -40.5949 2
  54.4104  -40.0264 2
  54.4251  -39.6416 2
  54.4330  -39.3723 2
  54.4420  -39.0616 2
  54.4563  -38.7195 2
  54.4651  -38.3637 2
  54.4564  -38.0479 2
  54.4370  -37.6406 2
  54.4243  -37.2689 2
  54.4042  -37.0071 2
  54.3782  -36.7250 2
  54.3665  -36.3842 2
  54.3459  -36.1064 2
  54.3294  -35.8332 2
  54.3143  -35.4276 2
  54.2803  -34.9345 2
  54.2463  -34.4171 2
  54.2461  -34.0152 2
  54.2146  -33.6180 2
  54.1866  -33.2069 2
  54.1780  -32.8788 2
  54.1746  -32.5036 2
  54.1735  -32.0448 2
  54.1584  -31.5790 2
  54.1516  -31.0421 2
  54.1438  -30.4379 2
  54.1440  -29.9725 2
  54.1491  -29.5252 2
  54.1360  -29.0896 2
  54.1328  -28.6134 2
  54.0972  -28.1147 2
  54.0755  -27.6982 2
  54.1910  -27.3155 2
  53.9233  -26.8260 2
  53.6114  -26.3397 2
  53.3759  -25.9055 2
  53.1264  -25.3516 2
  52.9214  -24.7964 2
  52.7382  -24.2072 2
  52.6171  -23.7325 2
  52.5113  -23.3610 2
  52.4474  -23.1082 2
  52.3740  -22.7841 2
  52.2114  -22.1852 2
  52.0888  -21.7963 2
  51.8328  -21.1349 2
  51.5468  -20.5834 2
  51.1253  -20.0110 2
  50.5929  -19.5664 2
  50.4347  -19.1476 2
  49.7955  -18.8769 2
  49.4710  -18.3668 2
  49.3565  -18.0085 2
  49.2188  -17.6464 2
  49.1001  -17.3153 2
  48.7928  -16.8090 2
  48.1246  -16.3699 2
  47.5664  -16.2627 2
  47.0199  -16.1081 2
  46.4600  -16.0270 2
  45.7789  -16.0117 2
  45.3160  -16.1229 2
  44.8617  -16.1617 2
  44.1819  -16.1352 2
  43.7907  -16.3354 2
  43.2815  -16.4691 2
  42.5888  -16.2111 2
  42.1748  -15.6325 2
  41.9936  -15.1526 2
  41.8288  -14.7270 2
  41.5947  -14.3502 2
  41.2579  -13.8082 2
  40.8308  -13.3349 2
  40.4046  -12.9868 2
  40.0141  -12.6431 2
  39.5967  -12.3052 2
  39.2267  -11.9915 2
  38.8056  -11.5761 2
  38.4548  -11.0792 2
  38.1445  -10.4938 2
  37.9767  -10.0006 2
  37.9273   -9.6524 2
  37.8985   -9.0359 2
  37.8801   -8.5648 2
  37.8394   -8.1030 2
  37.6887   -7.5043 2
  37.3671   -6.8634 2
  37.0901   -6.4409 2
  36.7470   -5.9107 2
  36.2980   -5.2712 2
  35.8519   -4.6311 2
  35.3476   -4.0472 2
  34.6843   -3.6824 2
  34.5376   -4.0518 2
  34.4054   -4.3130 2
  34.2255   -4.6091 2
  34.0514   -4.8812 2
  33.8276   -5.2312 2
  33.5331   -5.7243 2
  33.0492   -6.0651 2
  32.5723   -6.4171 2
  32.0721   -6.7772 2
  31.7414   -7.1102 2
  31.4404   -7.5171 2
  31.1688   -7.9338 2
  30.8947   -8.2668 2
  30.5970   -8.6043 2
  30.3267   -9.0038 2
  30.1165   -9.3378 2
  29.9841   -9.6143 2
  29.8788   -9.9448 2
  29.7564  -10.3781 2
  29.6412  -10.9591 2
  29.5538  -11.3867 2
  29.3413  -11.9508 2
  29.1921  -12.5199 2
  29.0552  -12.9506 2
  28.7301  -13.5319 2
  28.0448  -14.2693 2
  27.5267  -14.7375 2
  27.0668  -15.2606 2
  26.5014  -15.8599 2
  26.1705  -16.2522 2
  25.7467  -16.6773 2
  25.2103  -16.9547 2
  24.5368  -17.2523 2
  23.9991  -17.4020 2
  23.3064  -17.7739 2
  22.6099  -18.2151 2
  21.9447  -18.3137 2
  21.6335  -18.6343 2
  21.5138  -18.9584 2
  21.2296  -19.4858 2
  20.8842  -20.1556 2
  20.5646  -20.6700 2
  20.2390  -21.0661 2
  19.8919  -21.4575 2
  19.4453  -21.9394 2
  18.6487  -22.5441 2
  18.1799  -22.9351 2
  17.7363  -23.2654 2
  17.2733  -23.5968 2
  16.9185  -23.8394 2
  16.5221  -24.0051 2
  16.0533  -24.3567 2
  15.5164  -24.8256 2
  15.0136  -25.3243 2
  14.6502  -25.7146 2
  14.2071  -26.2086 2
  13.7909  -26.7261 2
  13.3837  -27.2568 2
  13.0774  -27.8909 2
  12.8051  -28.4030 2
  12.5414  -28.9946 2
  12.2587  -29.6655 2
  12.0257  -30.3593 2
  11.7862  -31.0357 2
  11.5871  -31.7827 2
  11.4683  -32.5320 2
  11.3724  -33.2434 2
  11.1148  -34.0306 2
  11.1933  -34.6861 2
  11.2028  -35.1862 2
  11.2525  -35.5562 2
  11.2322  -35.9861 2
  11.1737  -36.3780 2
  10.9847  -36.8961 2
  10.7397  -37.4372 2
  10.3433  -37.9169 2
   9.8561  -38.4570 2
   9.3044  -39.1126 2
   8.8740  -39.7326 2
   8.4661  -40.4949 2
   8.1414  -41.2870 2
   7.8936  -41.7122 2
   7.2671  -41.7803 2
   6.7095  -41.6524 2
   6.2479  -41.5380 2
   5.7702  -41.5365 2
   5.7648  -42.2780 2
   5.7472  -42.7979 2
   5.8814  -43.4958 2
   6.0251  -44.1415 2
   6.3993  -44.6680 2
   7.4480  -44.9206 2
   8.2980  -45.0566 2
   9.8092  -45.0045 2
  10.6781  -45.0888 2
  11.2480  -45.3347 2
  11.6781  -45.7184 2
  11.9040  -46.3005 2
  12.1530  -46.7645 2
  12.4411  -47.0944 2
  12.6873  -47.3427 2
  13.1377  -47.4174 2
  13.8667  -47.3789 2
  14.5449  -47.2150 2
  15.1004  -46.8823 2
  15.5935  -46.4626 2
  16.2794  -46.0737 2
  16.9253  -45.8431 2
  17.4577  -45.7897 2
  18.2658  -45.8018 2
  19.1798  -45.8567 2
  20.2519  -46.0024 2
  21.0714  -46.2206 2
  21.9992  -46.5125 2
  22.9260  -46.8607 2
  23.6204  -47.2616 2
  24.2546  -47.7225 2
  24.8179  -48.1603 2
  25.2305  -48.4368 2
  25.7786  -48.7264 2
  26.3817  -48.9684 2
  26.9275  -49.1106 2
  27.7666  -49.3849 2
  28.5240  -49.8178 2
  29.3225  -50.1310 2
  29.9222  -50.4333 2
  30.4858  -50.6428 2
  31.0268  -50.8310 2
  31.5953  -51.0183 2
  32.3367  -51.2110 2
  32.8148  -51.3161 2
  33.3322  -51.5587 2
  33.8045  -51.9189 2
  34.0872  -52.2052 2
  34.4955  -52.5722 2
  34.9327  -52.9985 2
  35.3214  -53.4238 2
  35.8317  -53.9744 2
  36.2313  -54.3708 2
  36.6523  -54.7817 2
  37.2697  -55.1745 2
  37.8919  -55.4507 2
  38.4706  -55.6344 2
  39.0581  -55.7367 2
  39.4645  -55.8192 2
  39.8330  -55.9629 2
  40.3799  -56.1142 2
  40.9648  -56.3006 2
  41.3601  -56.5117 2
  41.8999  -56.5396 2
  42.4526  -56.0441 2
  43.2559  -55.6399 2
  44.2143  -55.4625 2
  45.0625  -55.4689 2
  45.6784  -55.6024 2
  45.9578  -55.7908 2
  46.2922  -56.0501 2
  46.6498  -56.4533 2
  47.1059  -56.9434 2
  47.5448  -57.5107 2
  47.8981  -58.0997 2
  48.1180  -58.5405 2
  48.2716  -58.8619 2
  48.5294  -59.0278 2
  48.8246  -59.0363 2
  49.1821  -59.0561 2
  49.8177  -59.0379 2
  50.4779  -58.9372 2
  50.9818  -58.4703 2
  51.4205  -58.3554 2
  51.6667  -58.5342 2
  52.0011  -58.7634 2
  52.5951  -58.3110 2
  52.8227  -57.9225 2
  53.0808  -57.2391 2
  53.2654  -56.5612 2
  53.3675  -56.1325 2
  53.4622  -55.6714 2
  53.5436  -55.2930 2
  53.6087  -54.8970 2
  53.7325  -54.4596 2
  53.9242  -53.8731 2
  54.0429  -53.4828 2
  54.2267  -53.0153 2
  54.5681  -52.4055 2
  55.1304  -51.8430 2
  55.5824  -51.6933 2
  55.9640  -51.6490 2
  56.6147  -51.2765 2
  57.1605  -50.7074 2
  57.4073  -50.3091 2
  57.5432  -49.9731 2
  57.2723  -49.7995 2
  57.0564  -49.4563 2
  56.8752  -49.1771 2
  56.7391  -48.9073 2
  56.6283  -48.6075 2
  56.4847  -48.2564 2
  56.3843  -48.0186 2
  56.2966  -47.7882 2
  56.1670  -47.4320 2
  56.0738  -47.1593 2
  55.9874  -46.9281 2
  55.9076  -46.7305 2
  55.8136  -46.5181 2
  55.6705  -46.2730 2
  55.4614  -45.9007 2
  55.2607  -45.5652 2
  55.0123  -45.1753 2
  54.8970  -44.9424 2
  54.7655  -44.6683 2
  54.6037  -44.2811 2
  54.4917  -43.9345 2
  99.0000   99.0000 3
9999 9999,GPML,nolabel,none,black,byPlateId,1,0
 108  400.0   -inf UN   0   0   0     0
  28.4214   -6.0610 3
  28.2512   -6.5531 2
  28.1529   -7.0585 2
  27.9715   -7.5206 2
  27.8006   -7.9991 2
  27.6498   -8.5327 2
  27.4556   -9.0247 2
  27.2462   -9.5910 2
  26.8566  -10.1556 2
  26.3998  -10.6911 2
  25.9576  -11.2153 2
  25.6097  -11.5882 2
  25.3137  -11.9733 2
  25.0486  -12.7054 2
  24.8484  -13.2910 2
  24.5613  -13.8671 2
  23.8102  -14.6929 2
  23.3099  -15.3270 2
  23.0323  -15.7790 2
  22.7333  -16.2755 2
  22.3627  -16.8099 2
  21.9694  -17.6288 2
  21.9447  -18.3137 2
  22.6099  -18.2151 2
  23.3064  -17.7739 2
  23.9991  -17.4020 2
  24.5368  -17.2523 2
  25.2103  -16.9547 2
  25.7467  -16.6773 2
  26.1705  -16.2522 2
  26.5014  -15.8599 2
  27.0668  -15.2606 2
  27.5267  -14.7375 2
  28.0448  -14.2693 2
  28.7301  -13.5319 2
  29.0552  -12.9506 2
  29.1921  -12.5199 2
  29.3413  -11.9508 2
  29.5538  -11.3867 2
  29.6412  -10.9591 2
  29.7564  -10.3781 2
  29.8788   -9.9448 2
  29.9841   -9.6143 2
  30.1165   -9.3378 2
  30.3267   -9.0038 2
  30.5970   -8.6043 2
  30.8947   -8.2668 2
  31.1688   -7.9338 2
  31.4404   -7.5171 2
  31.7414   -7.1102 2
  32.0721   -6.7772 2
  32.5723   -6.4171 2
  33.0492   -6.0651 2
  33.5331   -5.7243 2
  33.8276   -5.2312 2
  34.0514   -4.8812 2
  34.2255   -4.6091 2
  34.4054   -4.3130 2
  34.5376   -4.0518 2
  34.6843   -3.6824 2
  34.1935   -3.3995 2
  33.5833   -3.0999 2
  32.8327   -2.5558 2
  32.3202   -2.0891 2
  31.9577   -2.3962 2
  31.4586   -2.7658 2
  30.9106   -3.2655 2
  30.3650   -3.6614 2
  29.9225   -3.9958 2
  29.3852   -4.5273 2
  29.0740   -4.9186 2
  28.8234   -5.2729 2
  28.6227   -5.6232 2
  28.4214   -6.0610 2
  99.0000   99.0000 3
9999 9999,GPML,nolabel,none,black,byPlateId,1,0
 107   45.0   -inf UN   0   0   0     0
  32.3063   -1.2670 3
  32.3415   -0.8573 2
  32.4670   -0.4987 2
  32.2945   -0.0676 2
  31.9372    0.1769 2
  31.3174    0.3732 2
  30.5843    0.4200 2
  30.0879    0.1548 2
  29.4409   -0.3192 2
  28.7371   -0.4464 2
  28.0908   -0.3955 2
  27.3342   -0.4564 2
  26.9311   -0.7104 2
  26.8218   -1.1039 2
  26.8331   -1.5908 2
  26.9939   -2.0988 2
  27.3269   -2.8715 2
  27.7746   -3.7816 2
  28.0195   -4.4405 2
  28.0907   -4.9554 2
  28.0908   -5.3694 2
  27.9471   -5.8180 2
  27.7194   -6.3053 2
  27.4417   -6.6569 2
  27.2103   -7.0303 2
  26.9512   -7.4656 2
  26.6267   -8.0133 2
  26.2360   -8.5662 2
  25.8245   -9.0973 2
  25.5254   -9.6667 2
  25.3238  -10.2189 2
  25.1301  -10.8214 2
  24.8110  -11.5100 2
  24.4198  -12.2203 2
  24.1074  -12.6173 2
  23.7488  -12.9463 2
  23.4042  -13.1377 2
  22.8705  -13.4366 2
  22.4812  -13.7610 2
  22.0725  -14.2088 2
  21.7182  -14.7410 2
  21.5082  -15.3684 2
  21.2971  -16.0991 2
  21.0796  -16.7775 2
  20.7824  -17.4437 2
  20.4520  -17.8972 2
  19.9246  -18.6107 2
  20.9740  -18.6777 2
  21.6335  -18.6343 2
  21.9447  -18.3137 2
  21.9694  -17.6288 2
  22.3627  -16.8099 2
  22.7333  -16.2755 2
  23.0323  -15.7790 2
  23.3099  -15.3270 2
  23.8102  -14.6929 2
  24.5613  -13.8671 2
  24.8484  -13.2910 2
  25.0486  -12.7054 2
  25.3137  -11.9733 2
  25.6097  -11.5882 2
  25.9576  -11.2153 2
  26.3998  -10.6911 2
  26.8566  -10.1556 2
  27.2462   -9.5910 2
  27.4556   -9.0247 2
  27.6498   -8.5327 2
  27.8006   -7.9991 2
  27.9715   -7.5206 2
  28.1529   -7.0585 2
  28.2512   -6.5531 2
  28.4214   -6.0610 2
  28.6227   -5.6232 2
  28.8234   -5.2729 2
  29.0740   -4.9186 2
  29.3852   -4.5273 2
  29.9225   -3.9958 2
  30.3650   -3.6614 2
  30.9106   -3.2655 2
  31.4586   -2.7658 2
  31.9577   -2.3962 2
  32.3202   -2.0891 2
  32.3786   -1.7411 2
  32.3063   -1.2670 2
  99.0000   99.0000 3
9999 9999,GPML,nolabel,none,black,byPlateId,1,0
 109  400.0   -inf UN   0   0   0     0
  10.5761  -23.7291 3
   9.7576  -23.6965 2
   9.0365  -23.5871 2
   8.3658  -23.4605 2
   7.7832  -23.3358 2
   7.2466  -23.2525 2
   6.4900  -23.2442 2
   5.9180  -23.3861 2
   5.2173  -23.7830 2
   4.7750  -24.4536 2
   4.5638  -25.3037 2
   4.6046  -25.9680 2
   4.6106  -26.5393 2
   5.0496  -26.9095 2
   5.4395  -27.1148 2
   5.8946  -27.3065 2
   6.2984  -27.4314 2
   6.9051  -27.6287 2
   7.7600  -28.0177 2
   8.4189  -28.4553 2
   8.8772  -28.8339 2
   9.2687  -29.3019 2
   9.5049  -29.8870 2
   9.5199  -30.3894 2
   9.4065  -30.6886 2
   9.6380  -31.0616 2
  10.0209  -31.5440 2
  10.3320  -31.9005 2
  10.5433  -32.3237 2
  10.7069  -32.6917 2
  10.8961  -33.3474 2
  11.1148  -34.0306 2
  11.3724  -33.2434 2
  11.4683  -32.5320 2
  11.5871  -31.7827 2
  11.7862  -31.0357 2
  12.0257  -30.3593 2
  12.2587  -29.6655 2
  12.5414  -28.9946 2
  12.8051  -28.4030 2
  13.0774  -27.8909 2
  13.3837  -27.2568 2
  13.7909  -26.7261 2
  14.2071  -26.2086 2
  14.6502  -25.7146 2
  15.0136  -25.3243 2
  15.5164  -24.8256 2
  16.0533  -24.3567 2
  16.5221  -24.0051 2
  16.9185  -23.8394 2
  17.2733  -23.5968 2
  17.7363  -23.2654 2
  18.1799  -22.9351 2
  18.6487  -22.5441 2
  19.4453  -21.9394 2
  19.8919  -21.4575 2
  20.2390  -21.0661 2
  20.5646  -20.6700 2
  20.8842  -20.1556 2
  21.2296  -19.4858 2
  21.5138  -18.9584 2
  21.6335  -18.6343 2
  20.9740  -18.6777 2
  19.9246  -18.6107 2
  19.2802  -18.9545 2
  18.8519  -19.1593 2
  18.0243  -19.4424 2
  17.4849  -19.5846 2
  17.0545  -19.6807 2
  16.4625  -19.7322 2
  15.9646  -19.9326 2
  15.5037  -20.1656 2
  15.0773  -20.4595 2
  14.5260  -20.9841 2
  13.9820  -21.5118 2
  13.5935  -21.9067 2
  13.2468  -22.2542 2
  12.8914  -22.6041 2
  12.4340  -23.0030 2
  11.9321  -23.3387 2
  11.4017  -23.5670 2
  10.5761  -23.7291 2
  99.0000   99.0000 3
9999 9999,GPML,nolabel,none,black,byPlateId,1,0
 106 4500.0   -inf UN   0   0   0     0
  63.5965  -21.7556 3
  63.4460  -21.3193 2
  63.4293  -20.8003 2
  63.4230  -20.3839 2
  63.3964  -19.8885 2
  63.3721  -19.4146 2
  63.3454  -18.7046 2
  63.3193  -18.1728 2
  63.3042  -17.6857 2
  63.2986  -17.4026 2
  63.2923  -17.1195 2
  63.3229  -16.8201 2
  63.3367  -16.6229 2
  63.4329  -16.5624 2
  63.3220  -16.3574 2
  63.3525  -16.1499 2
  63.3875  -15.8815 2
  63.4384  -15.4538 2
  63.4499  -15.1363 2
  63.4633  -14.8833 2
  63.4869  -14.7397 2
  63.5361  -14.4742 2
  63.5729  -14.3725 2
  63.6273  -14.2201 2
  63.4530  -13.8045 2
  63.0690  -13.9150 2
  62.8378  -14.2717 2
  62.6203  -14.6053 2
  62.4392  -14.9155 2
  62.2166  -15.3169 2
  62.0428  -15.6086 2
  61.8639  -15.8938 2
  61.6548  -16.2547 2
  61.4717  -16.5668 2
  61.3043  -16.8659 2
  61.1305  -17.1213 2
  60.9291  -17.4009 2
  60.6883  -17.6847 2
  60.5101  -17.9183 2
  60.3314  -18.1643 2
  60.1198  -18.4745 2
  59.9441  -18.7473 2
  59.7479  -19.0423 2
  59.5506  -19.2836 2
  59.3530  -19.5220 2
  59.1728  -19.7563 2
  58.9848  -19.9872 2
  58.7205  -20.3135 2
  58.4708  -20.6223 2
  58.2178  -20.9147 2
  57.9627  -21.2448 2
  57.6526  -21.6178 2
  57.2758  -21.9854 2
  56.8274  -22.4394 2
  56.4998  -22.7138 2
  56.0071  -23.1101 2
  55.6272  -23.4445 2
  55.1941  -23.7083 2
  54.8264  -23.9769 2
  54.3677  -24.3559 2
  53.8451  -24.7591 2
  53.2553  -25.1493 2
  52.7668  -25.4798 2
  52.8429  -25.9238 2
  52.9225  -26.3262 2
  52.9864  -26.7480 2
  53.0578  -27.1853 2
  53.1587  -27.7505 2
  53.2483  -28.2538 2
  53.3351  -28.6871 2
  53.4074  -29.1206 2
  53.4690  -29.4744 2
  53.5284  -29.7817 2
  53.6193  -30.1596 2
  53.7117  -30.5230 2
  53.7746  -30.9056 2
  53.8883  -31.3835 2
  53.9982  -31.8390 2
  54.0763  -32.2201 2
  54.1351  -32.4742 2
  54.1984  -32.7311 2
  54.2632  -33.0527 2
  54.3326  -33.3117 2
  54.3931  -33.5542 2
  54.4638  -33.9061 2
  54.5466  -34.2897 2
  54.6047  -34.5904 2
  54.6523  -34.9384 2
  54.6925  -35.2763 2
  54.7328  -35.5816 2
  54.7677  -35.8465 2
  54.8143  -36.2272 2
  54.8813  -36.7917 2
  54.9243  -37.2894 2
  54.9572  -37.7350 2
  54.9984  -37.9922 2
  55.0745  -38.3408 2
  55.1564  -38.7826 2
  55.2874  -39.3357 2
  55.4121  -39.7838 2
  55.5106  -40.0162 2
  55.6732  -40.3043 2
  55.8900  -40.6084 2
  56.0599  -40.8151 2
  56.2076  -40.9888 2
  56.5080  -41.2512 2
  56.7538  -41.4826 2
  57.0135  -41.7455 2
  57.1896  -41.9152 2
  57.3134  -42.0776 2
  57.4212  -42.2326 2
  57.5406  -42.4176 2
  57.6731  -42.6404 2
  57.8537  -42.9271 2
  57.9741  -43.1105 2
  58.1080  -43.2942 2
  58.3010  -43.5679 2
  58.4545  -43.8079 2
  58.6274  -44.0038 2
  58.8450  -44.1833 2
  59.1056  -44.4068 2
  59.3921  -44.4264 2
  59.6411  -43.6940 2
  59.7803  -43.0563 2
  59.9447  -42.2777 2
  60.0471  -41.8122 2
  60.1735  -41.1719 2
  60.3032  -40.4738 2
  60.3616  -40.0331 2
  60.4169  -39.4979 2
  60.4556  -39.1922 2
  60.5139  -38.5821 2
  60.5404  -38.0668 2
  60.5592  -37.6306 2
  60.5599  -37.3311 2
  60.5620  -36.8947 2
  60.5617  -36.5898 2
  60.5340  -36.1949 2
  60.8630  -35.4892 2
  61.1669  -34.8623 2
  61.1677  -34.3443 2
  61.1521  -33.8505 2
  61.1848  -33.3231 2
  61.2112  -32.9564 2
  61.2361  -32.6735 2
  61.3056  -32.2263 2
  61.3076  -31.9248 2
  61.3090  -31.6351 2
  61.3362  -31.3723 2
  61.3784  -31.0160 2
  61.4153  -30.6088 2
  61.4463  -30.2399 2
  61.4392  -29.9792 2
  61.4331  -29.8024 2
  61.4885  -29.5186 2
  61.5558  -29.2736 2
  61.8351  -28.7877 2
  62.0581  -28.3431 2
  62.1491  -28.0376 2
  62.2569  -27.6589 2
  62.5605  -27.2166 2
  62.5118  -27.1177 2
  62.5261  -26.9495 2
  62.6508  -26.5642 2
  62.7674  -26.1737 2
  62.8210  -25.9436 2
  62.8829  -25.6059 2
  62.9321  -25.2135 2
  62.9821  -24.7870 2
  63.0279  -24.5177 2
  63.0910  -24.2257 2
  63.3484  -23.6019 2
  63.3261  -23.4628 2
  63.3403  -23.3028 2
  63.3611  -23.1909 2
  63.4088  -23.0229 2
  63.4467  -22.8060 2
  63.4693  -22.6315 2
  63.4928  -22.4941 2
  63.5267  -22.2609 2
  63.5398  -22.1373 2
  63.5616  -21.9491 2
  63.5965  -21.7556 2
  99.0000   99.0000 3
9999 9999,GPML,nolabel,none,black,byPlateId,1,0
 132 4500.0   -inf UN   0   0   0     0
  15.2493  -54.8968 3
  14.5834  -54.7757 2
  14.6872  -55.2889 2
  15.2747  -55.8117 2
  15.9206  -56.3134 2
  16.1328  -56.7598 2
  16.2174  -57.2410 2
  16.7524  -57.1018 2
  17.3605  -56.9974 2
  18.1429  -56.9408 2
  18.7963  -56.8687 2
  19.2760  -56.7492 2
  19.7796  -56.6368 2
  20.5049  -56.4785 2
  20.9759  -56.4386 2
  21.5668  -56.3038 2
  22.1593  -56.0555 2
  22.8349  -55.9129 2
  23.4056  -55.7905 2
  23.9399  -55.6855 2
  24.4273  -55.5676 2
  24.9450  -55.4734 2
  25.4940  -55.3363 2
  26.1930  -55.1180 2
  26.6945  -55.0319 2
  26.6142  -54.6363 2
  26.4636  -54.1118 2
  26.2659  -53.4727 2
  25.6709  -53.8002 2
  24.9358  -53.6680 2
  24.4614  -53.0411 2
  24.0534  -52.3107 2
  23.6229  -51.9707 2
  22.6554  -52.0361 2
  22.1649  -52.1422 2
  21.6453  -52.3865 2
  21.2194  -52.6304 2
  20.6839  -52.8792 2
  19.8689  -53.0908 2
  19.2289  -53.5383 2
  18.7966  -54.1545 2
  18.1237  -54.4208 2
  17.4028  -54.5678 2
  16.9514  -54.6899 2
  16.3267  -54.7936 2
  15.7523  -54.8935 2
  15.2493  -54.8968 2
  99.0000   99.0000 3
9999 9999,GPML,nolabel,none,black,byPlateId,1,0
 133 4500.0   -inf UN   0   0   0     0
  12.5097  -51.3866 3
  12.5214  -51.7858 2
  12.6165  -52.3126 2
  12.7473  -52.8838 2
  13.0943  -53.8674 2
  13.8256  -54.3338 2
  14.3056  -54.7607 2
  14.7113  -55.3790 2
  15.0823  -56.0836 2
  15.7543  -56.1613 2
  16.2560  -56.1250 2
  16.8233  -55.9871 2
  17.4404  -55.8417 2
  17.8834  -55.6893 2
  18.5938  -55.4936 2
  19.2491  -55.1814 2
  19.6429  -54.5353 2
  20.2542  -54.0434 2
  21.0545  -53.7749 2
  21.5737  -53.4884 2
  21.9837  -53.2143 2
  22.4872  -52.9329 2
  22.9701  -52.7915 2
  23.9314  -52.6559 2
  24.3818  -52.9643 2
  24.8336  -53.6650 2
  25.3453  -54.2572 2
  26.0868  -54.3344 2
  26.6604  -53.9614 2
  26.7019  -53.4025 2
  26.7563  -53.0926 2
  26.2100  -52.9531 2
  25.6060  -52.7143 2
  25.0568  -52.4276 2
  24.6431  -52.1534 2
  24.0783  -51.7187 2
  23.4424  -51.2612 2
  22.7466  -50.8639 2
  21.8185  -50.5200 2
  20.8896  -50.2323 2
  20.0693  -50.0177 2
  18.9968  -49.8765 2
  18.0826  -49.8253 2
  17.2744  -49.8164 2
  16.7422  -49.8719 2
  16.0972  -50.1048 2
  15.4127  -50.4960 2
  14.9211  -50.9172 2
  14.3668  -51.2519 2
  13.6892  -51.4183 2
  12.9603  -51.4595 2
  12.5097  -51.3866 2
  99.0000   99.0000 3
9999 9999,GPML,nolabel,none,black,byPlateId,1,0
 124 4500.0   -inf UN   0   0   0     0
  49.6857  -62.8439 3
  49.0502  -62.8684 2
  48.6927  -62.8521 2
  48.3974  -62.8464 2
  48.1390  -62.6834 2
  47.9840  -62.3643 2
  47.7623  -61.9267 2
  47.4066  -61.3424 2
  46.9653  -60.7806 2
  46.5073  -60.2958 2
  46.1480  -59.8967 2
  45.8125  -59.6410 2
  45.5324  -59.4553 2
  44.9159  -59.3273 2
  44.0677  -59.3276 2
  43.1100  -59.5120 2
  42.3084  -59.9214 2
  41.7577  -60.4198 2
  41.2179  -60.3960 2
  40.8217  -60.1882 2
  40.2360  -60.0063 2
  39.6885  -59.8591 2
  39.3195  -59.7183 2
  38.9128  -59.6387 2
  38.3248  -59.5406 2
  37.7453  -59.3611 2
  37.1221  -59.0894 2
  36.5030  -58.7012 2
  36.0804  -58.2937 2
  35.6793  -57.9005 2
  35.1668  -57.3541 2
  34.7764  -56.9319 2
  34.3375  -56.5089 2
  33.9278  -56.1449 2
  33.6440  -55.8608 2
  33.1703  -55.5038 2
  32.6519  -55.2645 2
  32.1735  -55.1623 2
  31.4314  -54.9738 2
  30.8621  -54.7899 2
  30.3204  -54.6048 2
  29.7560  -54.3985 2
  29.1551  -54.0998 2
  28.3554  -53.7910 2
  27.5964  -53.3625 2
  26.7563  -53.0926 2
  26.7019  -53.4025 2
  26.6604  -53.9614 2
  26.8966  -54.5862 2
  27.0789  -55.1000 2
  27.1832  -55.4902 2
  27.4857  -56.1440 2
  27.5430  -56.6659 2
  27.6146  -57.0591 2
  27.6911  -57.5656 2
  27.7689  -57.9969 2
  27.9607  -58.3950 2
  28.3417  -58.7951 2
  28.6814  -59.0026 2
  29.2019  -59.0719 2
  29.9572  -58.8151 2
  30.8055  -58.6855 2
  31.2908  -58.6355 2
  31.7101  -58.6125 2
  32.1998  -58.5579 2
  32.8207  -58.5624 2
  33.4775  -58.7144 2
  34.1464  -58.9745 2
  34.5762  -59.2878 2
  35.1347  -59.6570 2
  35.6704  -59.8173 2
  36.1007  -59.8249 2
  36.7085  -59.8594 2
  37.2390  -60.0599 2
  37.9047  -60.2482 2
  38.4851  -60.4636 2
  38.9268  -60.6872 2
  39.4989  -60.9224 2
  39.8976  -61.0559 2
  40.4366  -61.3066 2
  40.6055  -61.5510 2
  41.2223  -61.5668 2
  41.9439  -61.8599 2
  42.5982  -62.1541 2
  43.1390  -62.4369 2
  43.5531  -62.6843 2
  43.9482  -62.8870 2
  44.3990  -63.3524 2
  44.8586  -63.7742 2
  45.4014  -64.3511 2
  46.0083  -64.7323 2
  46.1290  -65.2434 2
  46.8074  -65.5329 2
  47.1280  -65.8694 2
  47.4008  -66.1003 2
  47.7433  -66.4662 2
  48.1306  -66.8021 2
  48.6217  -67.3673 2
  49.0037  -67.7709 2
  49.2145  -68.0379 2
  49.5276  -68.3811 2
  49.8416  -68.7755 2
  50.1516  -69.1849 2
  50.4349  -69.6194 2
  50.8048  -69.8904 2
  51.0540  -69.4045 2
  51.2282  -68.7265 2
  51.0307  -68.3612 2
  50.9704  -67.6375 2
  50.9821  -67.1243 2
  50.9959  -66.6251 2
  51.0254  -66.0646 2
  51.0510  -65.6335 2
  51.1153  -65.0675 2
  51.1525  -64.5379 2
  51.1634  -63.8896 2
  51.3326  -63.1980 2
  51.8680  -62.5471 2
  51.5326  -62.3223 2
  51.2857  -62.1467 2
  50.8475  -62.2659 2
  50.3455  -62.7367 2
  49.6857  -62.8439 2
  99.0000   99.0000 3
9999 9999,GPML,nolabel,none,black,byPlateId,1,0
 129   45.0   -inf UN   0   0   0     0
  28.1253  -58.1504 3
  27.2374  -58.0465 2
  26.8940  -57.5832 2
  26.8578  -57.0860 2
  27.0518  -56.6500 2
  26.5384  -56.5320 2
  26.2158  -56.2965 2
  25.8665  -55.8689 2
  25.7058  -55.4610 2
  25.6612  -55.0316 2
  25.6238  -54.5284 2
  25.5828  -54.1366 2
  25.0242  -54.2029 2
  24.3853  -54.2799 2
  23.9145  -54.6466 2
  23.5492  -55.1548 2
  23.3221  -55.7139 2
  23.1538  -56.1900 2
  23.0081  -56.6389 2
  22.7960  -57.0705 2
  22.5572  -57.5606 2
  22.1476  -58.3156 2
  21.7662  -58.9473 2
  21.5042  -59.3780 2
  21.1447  -59.8830 2
  20.6320  -60.3020 2
  20.2337  -60.9775 2
  19.9665  -61.4146 2
  20.5587  -61.6028 2
  21.3376  -61.5118 2
  22.4358  -61.4182 2
  23.3761  -61.2608 2
  23.9622  -61.3018 2
  24.7303  -61.0789 2
  25.6341  -60.8492 2
  26.4653  -60.7921 2
  27.1156  -60.8396 2
  27.7403  -61.0623 2
  28.4235  -61.2302 2
  28.2898  -60.7499 2
  28.2087  -60.3860 2
  28.1485  -59.6899 2
  28.1777  -59.1929 2
  28.3762  -58.7857 2
  28.7581  -58.4290 2
  29.0770  -58.1070 2
  28.1253  -58.1504 2
  99.0000   99.0000 3
9999 9999,GPML,nolabel,none,black,byPlateId,1,0
 130   45.0   -inf UN   0   0   0     0
  14.5770  -56.8787 3
  14.1217  -57.1174 2
  14.3138  -57.4438 2
  14.6084  -57.8557 2
  15.1455  -58.4050 2
  15.9945  -59.0996 2
  16.4563  -59.5362 2
  16.7877  -59.8272 2
  17.3117  -60.2249 2
  17.6747  -60.6555 2
  18.2893  -60.9312 2
  18.8094  -61.0886 2
  19.2836  -61.2742 2
  19.9665  -61.4146 2
  20.2337  -60.9775 2
  20.6320  -60.3020 2
  20.1303  -59.9672 2
  19.9162  -59.4363 2
  19.7735  -58.9622 2
  19.2324  -58.5827 2
  18.5855  -58.3067 2
  17.8290  -57.9246 2
  17.1904  -57.4929 2
  16.6380  -57.2013 2
  15.9302  -56.9220 2
  15.2194  -56.8230 2
  14.5770  -56.8787 2
  99.0000   99.0000 3
9999 9999,GPML,nolabel,none,black,byPlateId,1,0
 131 4500.0   -inf UN   0   0   0     0
  15.3401  -54.8065 3
  14.8029  -54.9352 2
  14.9394  -55.5981 2
  14.9474  -56.2351 2
  14.5770  -56.8787 2
  15.2194  -56.8230 2
  15.9302  -56.9220 2
  16.6380  -57.2013 2
  17.1904  -57.4929 2
  17.8290  -57.9246 2
  18.5855  -58.3067 2
  19.2324  -58.5827 2
  19.7735  -58.9622 2
  19.9162  -59.4363 2
  20.1303  -59.9672 2
  20.6320  -60.3020 2
  21.1447  -59.8830 2
  21.5042  -59.3780 2
  21.7662  -58.9473 2
  22.1476  -58.3156 2
  22.5572  -57.5606 2
  22.7960  -57.0705 2
  23.0081  -56.6389 2
  23.1538  -56.1900 2
  23.3221  -55.7139 2
  23.5492  -55.1548 2
  23.9145  -54.6466 2
  24.3853  -54.2799 2
  25.0242  -54.2029 2
  25.5828  -54.1366 2
  25.5660  -53.6198 2
  25.3155  -52.9498 2
  24.8126  -53.0242 2
  24.1100  -53.2253 2
  23.5587  -53.3496 2
  23.0395  -53.4321 2
  22.5502  -53.5389 2
  22.0142  -53.6321 2
  21.4415  -53.7419 2
  20.7636  -53.8698 2
  20.1670  -54.1042 2
  19.5740  -54.2266 2
  19.1024  -54.2571 2
  18.3745  -54.4004 2
  17.8692  -54.5025 2
  17.3875  -54.6122 2
  16.7331  -54.6718 2
  15.9498  -54.7138 2
  15.3401  -54.8065 2
  99.0000   99.0000 3
9999 9999,GPML,nolabel,none,black,byPlateId,1,0
 105 4500.0   -inf UN   0   0   0     0
   4.4016  -53.9403 3
   4.4856  -54.4541 2
   4.7574  -55.0294 2
   5.4474  -55.2723 2
   5.8378  -55.5254 2
   6.6743  -55.8090 2
   7.2057  -55.9493 2
   7.7286  -55.8023 2
   8.3538  -55.8955 2
   9.0452  -56.0796 2
   9.4631  -56.4668 2
  10.0582  -56.7653 2
  10.5906  -56.9621 2
  11.0564  -57.1145 2
  11.7514  -57.1240 2
  12.1005  -56.6836 2
  12.7010  -56.6449 2
  13.4397  -56.6434 2
  14.3383  -56.6595 2
  15.2012  -56.6791 2
  15.7603  -56.6780 2
  16.4208  -56.8419 2
  17.1314  -57.1062 2
  17.5436  -57.4662 2
  17.7984  -57.7911 2
  18.0349  -58.1188 2
  18.5590  -58.6899 2
  19.3230  -58.6856 2
  19.8675  -58.7029 2
  20.3604  -58.7694 2
  20.7200  -58.9534 2
  21.4217  -59.0077 2
  22.1053  -59.1190 2
  22.8350  -58.9090 2
  22.3604  -58.6122 2
  21.7428  -58.4025 2
  21.3401  -58.2310 2
  20.7694  -57.9615 2
  19.7525  -57.5705 2
  19.0755  -57.2157 2
  18.6703  -56.9138 2
  18.3884  -56.6609 2
  17.9051  -56.1415 2
  17.5670  -55.7513 2
  17.1595  -55.5229 2
  16.4311  -55.2813 2
  15.5983  -55.0524 2
  14.9796  -54.8788 2
  14.3528  -54.8135 2
  13.9684  -54.8824 2
  13.4927  -54.8366 2
  12.7559  -54.7089 2
  12.2400  -54.6608 2
  11.7611  -54.5588 2
  11.0054  -54.4054 2
  10.2377  -54.2089 2
   9.5555  -54.2996 2
   8.9192  -53.9983 2
   8.2753  -53.7943 2
   7.3855  -53.7039 2
   6.5788  -53.5938 2
   6.0181  -53.4164 2
   5.5859  -53.3068 2
   5.2208  -53.1852 2
   4.8503  -53.0573 2
   4.5383  -53.4240 2
   4.4016  -53.9403 2
  99.0000   99.0000 3
9999 9999,GPML,nolabel,none,black,byPlateId,1,0
 134 4500.0   -inf UN   0   0   0     0
  12.7907  -48.2698 3
  12.6976  -47.7422 2
  12.6873  -47.3427 2
  12.4411  -47.0944 2
  12.1530  -46.7645 2
  11.9040  -46.3005 2
  11.6781  -45.7184 2
  11.2480  -45.3347 2
  10.6781  -45.0888 2
   9.8092  -45.0045 2
   8.2980  -45.0566 2
   7.4480  -44.9206 2
   6.3993  -44.6680 2
   6.7501  -45.7177 2
   7.0798  -46.3624 2
   7.5957  -47.1939 2
   7.8241  -47.7319 2
   8.0658  -48.1865 2
   8.5530  -49.0061 2
   8.9694  -49.7439 2
   9.4385  -50.2712 2
  10.0551  -50.9471 2
  10.5105  -51.4340 2
  11.0462  -52.0068 2
  11.4016  -52.2873 2
  11.9132  -52.6438 2
  12.4331  -52.9616 2
  12.7694  -53.2739 2
  12.8672  -53.5757 2
  13.0059  -53.8884 2
  13.5990  -54.1065 2
  14.1590  -54.4278 2
  14.9138  -54.8565 2
  15.5643  -55.2723 2
  15.9065  -55.5949 2
  16.1439  -56.0556 2
  16.4924  -56.6770 2
  16.9293  -56.4010 2
  17.2522  -55.7227 2
  17.1978  -55.0808 2
  17.0132  -54.4232 2
  16.9016  -53.9461 2
  16.6644  -53.5118 2
  15.9912  -53.0488 2
  15.3750  -52.5610 2
  15.2421  -52.0534 2
  14.8739  -51.3468 2
  14.4706  -50.7263 2
  13.9922  -50.2971 2
  13.2626  -49.8275 2
  12.9194  -48.8419 2
  12.7907  -48.2698 2
  99.0000   99.0000 3
9999 9999,GPML,nolabel,none,black,byPlateId,1,0
 104 4500.0   -inf UN   0   0   0     0
  13.6779  -54.1753 3
  13.0644  -53.8273 2
  12.4325  -53.2604 2
  11.7068  -52.6396 2
  11.3311  -52.2862 2
  10.9406  -51.8491 2
  10.1830  -51.2283 2
   9.6618  -50.7243 2
   8.9884  -49.8426 2
   8.4630  -49.4666 2
   8.1165  -48.9013 2
   7.7616  -48.2837 2
   7.6081  -47.7849 2
   7.3705  -47.0805 2
   6.7685  -47.0875 2
   6.0630  -47.1474 2
   5.3076  -47.2030 2
   4.5228  -47.2229 2
   3.9346  -47.2383 2
   3.2762  -47.1680 2
   2.5469  -47.0671 2
   1.7101  -46.9153 2
   0.7866  -46.8384 2
  -0.2139  -46.5879 2
  -0.6466  -46.3287 2
  -1.3128  -45.8779 2
  -1.8898  -45.4466 2
  -2.1657  -44.8952 2
  -2.9201  -44.7350 2
  -3.3565  -44.1979 2
  -4.0457  -43.9018 2
  -4.1007  -44.6439 2
  -3.9039  -45.5135 2
  -3.8383  -46.2238 2
  -3.6304  -46.6139 2
  -3.3083  -47.1209 2
  -3.1914  -47.6838 2
  -2.9630  -48.4561 2
  -2.3580  -49.1716 2
  -1.9475  -49.6330 2
  -1.5731  -50.1162 2
  -1.1962  -50.5067 2
  -0.8209  -50.9729 2
  -0.4306  -51.3861 2
  -0.0260  -51.8762 2
   0.4101  -52.2978 2
   0.9613  -52.7862 2
   1.4402  -53.0868 2
   2.1042  -53.6426 2
   2.7318  -53.9428 2
   3.1707  -54.3492 2
   3.9415  -54.5021 2
   4.5936  -54.4683 2
   5.0488  -54.3413 2
   5.3400  -53.7894 2
   5.8934  -53.8631 2
   6.3648  -53.6255 2
   7.0139  -53.6051 2
   7.7076  -53.8104 2
   8.5198  -54.2368 2
   9.0818  -54.4421 2
   9.6657  -54.5660 2
  10.1517  -54.6328 2
  10.7081  -54.7080 2
  11.2350  -54.9396 2
  11.9252  -55.1279 2
  12.5269  -55.2220 2
  13.1823  -55.5767 2
  13.6567  -55.8318 2
  14.1617  -55.8926 2
  14.0585  -56.2233 2
  14.8406  -56.3504 2
  15.6068  -56.4349 2
  16.0927  -56.4932 2
  16.6107  -56.4931 2
  17.3558  -56.5527 2
  17.8336  -56.5538 2
  18.2103  -56.4469 2
  17.9793  -56.1919 2
  17.7903  -55.9336 2
  17.3725  -55.7475 2
  16.7794  -55.6189 2
  16.1816  -55.4498 2
  15.7558  -55.3005 2
  15.0654  -54.9307 2
  14.4784  -54.6166 2
  13.6779  -54.1753 2
  99.0000   99.0000 3
9999 9999,GPML,nolabel,none,black,byPlateId,1,0
 127   45.0   -inf UN   0   0   0     0
  32.2179  -77.1208 3
  32.2133  -76.7626 2
  32.4332  -76.3861 2
  32.1054  -75.8147 2
  32.1384  -75.3084 2
  31.5396  -75.0326 2
  30.9909  -74.7634 2
  30.6521  -74.4633 2
  30.4104  -74.1232 2
  30.2608  -73.7703 2
  29.9779  -73.3035 2
  29.5727  -72.6367 2
  29.2692  -72.0894 2
  29.0958  -71.4758 2
  29.0219  -71.0475 2
  29.0133  -70.6846 2
  29.1007  -70.3827 2
  29.0515  -70.1010 2
  28.6877  -69.5968 2
  28.3982  -69.2636 2
  28.0000  -68.7538 2
  27.7093  -68.3290 2
  27.2961  -67.8314 2
  26.7984  -67.3075 2
  26.4220  -66.8526 2
  25.9113  -66.4842 2
  25.5424  -66.2381 2
  25.1444  -65.8159 2
  24.8124  -65.2183 2
  24.5694  -64.7353 2
  24.0976  -64.1634 2
  23.5910  -63.6855 2
  23.0537  -63.3468 2
  22.6050  -63.1282 2
  22.2303  -62.9234 2
  21.7865  -62.7068 2
  20.9916  -62.3666 2
  20.2229  -62.1835 2
  19.8878  -62.4778 2
  19.7416  -62.9245 2
  19.8892  -63.4731 2
  20.6641  -63.9455 2
  21.5490  -64.3229 2
  22.1817  -64.7928 2
  22.5243  -65.3759 2
  22.7393  -65.9604 2
  23.0689  -66.7744 2
  23.3823  -67.5958 2
  23.5815  -68.2932 2
  23.6559  -68.8878 2
  23.7350  -69.5060 2
  23.9437  -70.1458 2
  24.1260  -70.5933 2
  24.4943  -71.1241 2
  24.7671  -71.4677 2
  25.1343  -71.8593 2
  25.5890  -72.4304 2
  26.2691  -72.9839 2
  26.8907  -73.4684 2
  27.3559  -73.9558 2
  27.9346  -74.4682 2
  28.2605  -74.9693 2
  28.6133  -75.2688 2
  29.0432  -75.6176 2
  29.3755  -75.9690 2
  29.7405  -76.4009 2
  30.0033  -76.7818 2
  30.3031  -77.1430 2
  30.6469  -77.6505 2
  31.0263  -78.2440 2
  31.3537  -78.8100 2
  31.5614  -79.2668 2
  31.9413  -79.5573 2
  32.1753  -79.0187 2
  32.1929  -78.5171 2
  32.2334  -78.1098 2
  32.2488  -77.7951 2
  32.2346  -77.4435 2
  32.2179  -77.1208 2
  99.0000   99.0000 3
9999 9999,GPML,nolabel,none,black,byPlateId,1,0
 128   45.0   -inf UN   0   0   0     0
   1.4930  -68.8713 3
   1.3473  -68.3184 2
   1.2108  -67.7856 2
   0.9421  -67.1718 2
   0.5508  -66.4542 2
   0.1479  -65.7411 2
  -0.1175  -65.2246 2
  -0.5080  -64.7189 2
  -1.1766  -64.3400 2
  -1.5699  -64.5026 2
  -2.0326  -64.6756 2
  -2.3355  -64.9519 2
  -2.5019  -65.3587 2
  -2.6358  -65.9612 2
  -2.6570  -66.2915 2
  -2.6577  -66.7353 2
  -2.4535  -67.1368 2
  -2.1842  -67.4794 2
  -1.8667  -67.7852 2
  -1.5483  -68.1185 2
  -1.3030  -68.4385 2
  -0.9372  -68.8995 2
  -0.3005  -69.2840 2
   0.1021  -69.6338 2
   0.6685  -69.7492 2
   1.0866  -69.8740 2
   1.1756  -70.1792 2
   0.4789  -70.2624 2
   0.1995  -70.5801 2
   0.4740  -70.9826 2
   0.8257  -71.2675 2
   1.1483  -71.5304 2
   1.6310  -71.8431 2
   2.2577  -72.1904 2
   2.4997  -72.4628 2
   2.7877  -72.5645 2
   2.9960  -72.6441 2
   3.1969  -72.7083 2
   3.6959  -72.7909 2
   4.3129  -72.7551 2
   5.0150  -72.8012 2
   5.6541  -72.9413 2
   6.1687  -73.0524 2
   6.6556  -73.1161 2
   6.2651  -72.7275 2
   5.6240  -72.3649 2
   5.0996  -72.0035 2
   4.4216  -71.6640 2
   3.6777  -71.2668 2
   3.1561  -70.8177 2
   2.7443  -70.5151 2
   2.4325  -70.2414 2
   2.0046  -69.8092 2
   1.7721  -69.4266 2
   1.4930  -68.8713 2
  99.0000   99.0000 3
9999 9999,GPML,nolabel,none,black,byPlateId,1,0
 125   45.0   -inf UN   0   0   0     0
   6.9387  -73.3877 3
   6.3593  -73.1253 2
   5.8471  -72.9070 2
   5.4343  -72.7761 2
   5.0457  -72.6105 2
   4.5462  -72.4522 2
   4.1086  -72.3380 2
   3.5856  -72.2694 2
   3.1507  -72.2010 2
   2.6692  -72.2972 2
   2.1462  -72.3575 2
   1.4962  -72.4299 2
   0.8162  -72.6111 2
   0.2301  -73.1188 2
   0.7172  -73.1975 2
   1.4180  -73.1611 2
   1.9475  -73.2623 2
   2.3471  -73.3243 2
   2.7145  -73.4762 2
   3.0687  -73.7756 2
   3.3633  -73.9539 2
   3.7562  -73.7722 2
   4.3581  -73.7073 2
   5.0673  -73.7178 2
   5.6763  -73.8663 2
   6.1672  -74.0473 2
   6.4132  -74.3589 2
   6.7016  -74.6706 2
   7.1592  -75.0487 2
   7.3983  -75.2814 2
   7.6353  -75.5808 2
   7.8960  -75.9083 2
   8.1881  -76.3492 2
   8.3626  -76.7653 2
   8.4644  -77.0998 2
   8.4804  -77.4033 2
   8.4902  -77.7935 2
   8.3258  -78.3640 2
   8.0651  -79.0232 2
   7.7501  -79.5721 2
   7.4759  -79.9452 2
   7.2232  -80.4189 2
   7.0414  -80.9253 2
   6.8855  -81.3323 2
   6.6625  -81.7883 2
   6.4730  -82.3457 2
   6.4428  -82.7101 2
   6.3789  -83.2658 2
   6.3331  -83.6817 2
   6.3061  -84.3743 2
   6.3050  -84.8499 2
   6.3120  -85.3339 2
   6.3259  -85.7710 2
   6.3202  -86.3186 2
   6.3072  -86.8427 2
   6.3431  -87.2080 2
   6.4750  -87.6734 2
   6.5994  -88.1245 2
   6.7869  -88.5168 2
   6.9448  -88.8793 2
   7.1102  -89.2155 2
   7.2027  -89.4850 2
   7.3069  -89.7861 2
   7.3806  -90.0839 2
   7.7487  -89.7191 2
   8.1524  -89.4714 2
   8.2736  -89.3786 2
   8.3780  -89.2848 2
   8.5393  -89.1397 2
   8.6700  -89.0249 2
   8.7207  -88.4241 2
   8.7315  -88.0546 2
   8.7230  -87.5803 2
   8.7681  -87.0334 2
   8.8856  -86.2166 2
   8.9508  -85.6289 2
   9.0525  -85.1854 2
   9.2031  -84.6818 2
   9.3915  -84.0267 2
   9.5137  -83.5849 2
   9.6818  -83.1191 2
   9.8500  -82.6389 2
  10.0539  -82.1713 2
  10.3391  -81.6440 2
  10.5318  -81.1293 2
  10.6089  -80.7267 2
  10.6303  -80.3234 2
  10.6130  -79.9654 2
  10.5753  -79.5106 2
  10.5669  -78.9211 2
  10.5439  -78.4626 2
  10.5265  -78.1071 2
  10.4924  -77.7596 2
  10.4279  -77.4159 2
  10.3492  -77.0304 2
  10.1627  -76.5602 2
  10.0582  -76.1922 2
   9.9833  -75.9338 2
   9.7367  -75.5800 2
   9.4651  -75.2198 2
   9.1770  -74.9183 2
   8.9122  -74.6701 2
   8.6559  -74.4755 2
   8.4770  -74.2493 2
   8.2871  -73.9152 2
   7.8347  -73.8893 2
   7.4616  -73.6510 2
   6.9387  -73.3877 2
  99.0000   99.0000 3
9999 9999,GPML,nolabel,none,black,byPlateId,1,0
 103 4500.0   -inf UN   0   0   0     0
  65.2187  -33.0065 3
  67.8356  -36.2627 2
  65.2193  -32.9956 2
  65.2187  -33.0065 2
  99.0000   99.0000 3
9999 9999,GPML,nolabel,none,black,byPlateId,1,0
 103 4500.0   -inf UN   0   0   0     0
  67.8356  -36.2627 3
  65.2187  -33.0065 2
  65.1588  -34.0305 2
  65.1416  -34.6619 2
  65.1295  -35.2226 2
  65.1034  -35.7341 2
  65.0533  -36.1608 2
  64.9725  -36.6543 2
  64.8997  -37.0694 2
  64.7987  -37.6182 2
  64.7350  -37.9775 2
  64.6324  -38.4821 2
  64.5342  -38.8952 2
  64.3959  -39.4583 2
  64.2478  -39.9709 2
  64.2478  -39.9709 2
  64.1044  -40.4475 2
  63.9681  -40.7838 2
  63.8240  -41.1158 2
  63.6199  -41.6220 2
  63.4285  -41.9865 2
  63.2157  -42.3094 2
  63.0370  -42.6420 2
  62.7584  -43.1124 2
  62.4655  -43.5397 2
  62.2674  -43.7587 2
  62.0493  -44.0142 2
  61.8333  -44.2202 2
  61.5719  -44.4927 2
  61.2891  -44.7894 2
  61.0493  -45.0685 2
  60.9093  -45.2074 2
  60.6138  -45.1895 2
  60.4702  -45.5856 2
  60.3750  -45.7689 2
  60.2435  -46.0979 2
  60.1053  -46.4250 2
  59.9766  -46.7272 2
  59.8057  -47.0977 2
  59.6212  -47.5367 2
  59.4952  -47.9578 2
  59.2917  -48.5840 2
  59.0318  -49.2459 2
  58.7868  -49.7426 2
  58.5091  -50.1378 2
  58.2687  -50.4310 2
  58.0924  -50.5769 2
  57.8355  -50.7753 2
  57.5591  -51.0549 2
  57.2727  -51.3124 2
  57.1038  -51.5404 2
  56.9115  -51.7928 2
  56.6790  -51.9594 2
  56.3738  -52.1398 2
  56.0987  -52.2458 2
  55.9043  -52.5910 2
  55.7027  -53.3503 2
  55.5847  -53.9114 2
  55.6670  -55.0629 2
  55.8787  -56.1946 2
  56.2339  -56.7316 2
  56.6157  -56.9852 2
  56.9194  -57.2408 2
  57.2371  -57.5575 2
  57.4869  -57.7582 2
  57.8136  -58.0126 2
  58.1089  -58.2167 2
  58.4137  -58.4214 2
  58.8668  -58.5676 2
  59.1429  -58.3272 2
  59.4314  -57.5681 2
  59.7704  -57.0044 2
  60.1020  -56.6535 2
  60.5157  -56.4415 2
  60.8942  -56.2304 2
  61.1963  -56.0801 2
  61.6400  -55.8775 2
  62.0218  -55.6895 2
  62.2732  -55.5059 2
  62.5365  -55.3831 2
  62.8012  -55.2608 2
  63.0878  -54.8552 2
  63.3822  -54.3785 2
  63.7638  -53.9543 2
  64.0467  -53.6722 2
  64.2999  -53.5646 2
  64.6298  -53.8258 2
  65.0425  -54.4822 2
  65.4680  -55.6813 2
  65.8527  -57.7829 2
  66.3991  -59.5457 2
  66.8494  -59.8209 2
  67.1822  -59.9702 2
  67.4016  -59.9826 2
  67.6358  -59.8893 2
  67.9379  -59.7876 2
  68.2718  -59.6001 2
  68.5545  -59.4876 2
  68.8632  -59.2603 2
  69.1826  -58.8989 2
  69.4755  -58.4559 2
  69.7450  -58.0635 2
  69.9900  -57.5522 2
  70.1635  -56.9950 2
  70.3240  -56.0370 2
  70.5090  -54.8530 2
  70.6548  -53.9265 2
  70.7600  -52.9905 2
  70.8281  -52.0859 2
  70.9736  -51.0166 2
  71.0940  -49.9970 2
  71.2133  -48.5932 2
  71.2367  -47.0725 2
  71.2955  -45.9356 2
  71.3128  -44.9490 2
  71.3200  -43.9999 2
  71.2231  -41.9942 2
  67.8356  -36.2627 2
  99.0000   99.0000 3
9999 9999,GPML,nolabel,none,black,byPlateId,1,0
 102 4500.0   -inf UN   0   0   0     0
  62.7855  -13.0102 3
  62.6650  -12.9938 2
  62.5580  -12.9985 2
  62.4681  -13.0047 2
  62.3423  -13.0302 2
  62.0807  -12.7437 2
  61.8847  -12.1373 2
  61.8246  -11.8864 2
  61.8236  -11.5752 2
  61.8227  -11.3064 2
  61.8317  -10.9713 2
  61.8191  -10.5596 2
  61.7757  -10.1477 2
  61.6652   -9.4681 2
  61.6258   -9.1572 2
  61.6021   -8.8486 2
  61.5899   -8.5999 2
  61.5871   -8.1597 2
  61.5877   -7.7901 2
  61.5980   -7.4561 2
  61.5803   -7.0686 2
  61.5496   -6.6368 2
  61.5148   -6.1957 2
  61.4686   -5.6915 2
  61.4000   -5.2164 2
  61.3030   -4.7240 2
  61.0398   -3.8845 2
  60.8727   -3.3316 2
  60.5516   -2.5336 2
  60.1913   -1.7347 2
  59.6080   -0.5235 2
  58.9884    0.4287 2
  58.6675    0.6592 2
  58.4722    0.7278 2
  58.3186    0.7414 2
  57.9238    0.8708 2
  57.6607    0.8646 2
  57.3098    0.8569 2
  57.0273    0.8080 2
  56.7490    0.7654 2
  56.4255    0.7192 2
  56.1293    0.7156 2
  55.8458    0.6395 2
  55.5938    0.6671 2
  55.3622    0.7063 2
  54.9576    0.7587 2
  54.6094    0.7396 2
  54.0288    0.9843 2
  53.5533    1.1056 2
  53.1858    1.1065 2
  52.8853    1.0991 2
  52.5277    1.1672 2
  52.1076    1.2196 2
  51.8800    1.1276 2
  51.7123    0.8141 2
  51.5813    0.3893 2
  51.1468    0.3798 2
  50.5197    0.5236 2
  50.1427    0.4603 2
  49.8176    0.3554 2
  49.5358    0.2400 2
  49.1170    0.0319 2
  48.8017   -0.2103 2
  48.5433   -0.4095 2
  48.3339   -0.6532 2
  48.2492   -0.8927 2
  48.1488   -1.1162 2
  47.9662   -1.4555 2
  47.8038   -1.6899 2
  47.6394   -1.9697 2
  47.3354   -2.2836 2
  47.0958   -2.5665 2
  46.8384   -2.8212 2
  46.5935   -2.9740 2
  46.2551   -3.1454 2
  45.7665   -3.3235 2
  45.3288   -3.5255 2
  45.0140   -3.7180 2
  44.5513   -4.0463 2
  44.1555   -4.3675 2
  43.8902   -4.5817 2
  43.8103   -4.9554 2
  43.6145   -5.2205 2
  43.2921   -5.3506 2
  42.9511   -5.5040 2
  42.5397   -5.7006 2
  42.0941   -5.8563 2
  41.6427   -5.9740 2
  41.1131   -6.1362 2
  40.4547   -6.2049 2
  39.7004   -6.0425 2
  39.2048   -5.9859 2
  38.5192   -6.0252 2
  37.8276   -6.2190 2
  37.4815   -6.5664 2
  37.3190   -6.8941 2
  37.2346   -7.3699 2
  37.2569   -7.8678 2
  37.5806   -8.3388 2
  37.7727   -8.7740 2
  37.8034   -9.2316 2
  37.9460   -9.7015 2
  38.2363  -10.1320 2
  38.5460  -10.6723 2
  38.8417  -11.1691 2
  39.2473  -11.3129 2
  39.6285  -11.6560 2
  39.8547  -12.1914 2
  40.1991  -12.6135 2
  40.6002  -12.8949 2
  41.1096  -13.1120 2
  41.6318  -13.2279 2
  41.9251  -13.4185 2
  41.5073  -13.5469 2
  41.4771  -13.8526 2
  41.9119  -14.3451 2
  42.3354  -14.7141 2
  42.6450  -14.9895 2
  43.1068  -15.3236 2
  43.7076  -15.6302 2
  44.1649  -15.7792 2
  44.8552  -15.9209 2
  45.5254  -15.9538 2
  46.2925  -16.1931 2
  46.7727  -16.3765 2
  47.2920  -16.2329 2
  47.9232  -16.1351 2
  48.2329  -16.4134 2
  48.5944  -16.7725 2
  48.8651  -17.1151 2
  49.2310  -17.4525 2
  49.6505  -17.7090 2
  50.2218  -17.9530 2
  50.5516  -18.2024 2
  50.7455  -18.4096 2
  50.9615  -18.6257 2
  51.1228  -18.8502 2
  51.3453  -19.1779 2
  51.4723  -19.4305 2
  51.5480  -19.7840 2
  51.5896  -19.9918 2
  51.6646  -20.2955 2
  51.8357  -20.6262 2
  52.1180  -21.0505 2
  52.2719  -21.4835 2
  52.3146  -21.7382 2
  52.4500  -22.0662 2
  52.5721  -22.3323 2
  52.6774  -22.6116 2
  52.8394  -22.9627 2
  53.0858  -23.3565 2
  53.2121  -23.5478 2
  53.2756  -23.7537 2
  53.2917  -23.9634 2
  53.5173  -24.2294 2
  53.6907  -24.5503 2
  54.0239  -25.0388 2
  54.5215  -24.6811 2
  54.8525  -24.4335 2
  55.3067  -24.0209 2
  55.6882  -23.6884 2
  56.0033  -23.3484 2
  56.2628  -23.0473 2
  56.5197  -22.7821 2
  56.7736  -22.5017 2
  57.0424  -22.2059 2
  57.2336  -21.9969 2
  57.4171  -21.7846 2
  57.6181  -21.5696 2
  57.8189  -21.3521 2
  58.0194  -21.0842 2
  58.1991  -20.8362 2
  58.4152  -20.5554 2
  58.5976  -20.3336 2
  58.7793  -20.1239 2
  59.0243  -19.8708 2
  59.2300  -19.6197 2
  59.4078  -19.3900 2
  59.5798  -19.1190 2
  59.7679  -18.8371 2
  59.9827  -18.5113 2
  60.1662  -18.2553 2
  60.3447  -17.9931 2
  60.5739  -17.6315 2
  60.7602  -17.3532 2
  60.9832  -17.0561 2
  61.2205  -16.7390 2
  61.6061  -16.6661 2
  61.6610  -16.3511 2
  61.7825  -16.2881 2
  61.8652  -16.1514 2
  61.9242  -16.0354 2
  61.9934  -15.9118 2
  62.0505  -15.7767 2
  62.1663  -15.6390 2
  62.2494  -15.5568 2
  62.3701  -15.4603 2
  62.5104  -15.3195 2
  62.5916  -15.0889 2
  62.6454  -14.9728 2
  62.8551  -14.8458 2
  63.0842  -14.6462 2
  63.2324  -14.4816 2
  63.2828  -14.4292 2
  63.4561  -14.4306 2
  63.5424  -14.3688 2
  63.6184  -14.2557 2
  63.6839  -14.0726 2
  63.7231  -13.9722 2
  63.7564  -13.7873 2
  63.4896  -13.1881 2
  63.3632  -13.1342 2
  63.1842  -13.0511 2
  62.9761  -13.0129 2
  62.7855  -13.0102 2
  99.0000   99.0000 3
9999 9999,GPML,nolabel,none,black,byPlateId,1,0
 103 4500.0   -inf UN   0   0   0     0
  65.5764  -28.1465 3
  65.5305  -28.7431 2
  65.4339  -29.5080 2
  65.3612  -30.1754 2
  65.3005  -30.5782 2
  65.2647  -31.2081 2
  65.2607  -31.9479 2
  65.2309  -32.5957 2
  71.3068  -41.7642 2
  71.3641  -40.6239 2
  71.3914  -39.1739 2
  71.3877  -38.2037 2
  71.3944  -37.1508 2
  71.3932  -35.9840 2
  71.3788  -35.2447 2
  71.3711  -34.3692 2
  71.2811  -33.6391 2
  71.3433  -33.1538 2
  71.4114  -32.2811 2
  71.4521  -31.1109 2
  71.4828  -30.3092 2
  71.5371  -29.2717 2
  71.5399  -28.3999 2
  71.4948  -27.4674 2
  71.4494  -26.6719 2
  71.3757  -25.7949 2
  71.2890  -24.8358 2
  71.2002  -24.0409 2
  70.9786  -23.0310 2
  70.6152  -21.6045 2
  70.2580  -20.7499 2
  69.9474  -20.1483 2
  69.6849  -19.6276 2
  69.4340  -18.8967 2
  69.1210  -18.2280 2
  68.7917  -18.8242 2
  68.5241  -19.2456 2
  68.2675  -19.6286 2
  67.9326  -20.0440 2
  67.5715  -20.4647 2
  67.1236  -20.9916 2
  66.5208  -21.4244 2
  65.8899  -21.7553 2
  65.8522  -22.0836 2
  65.8610  -22.4962 2
  65.8951  -23.0937 2
  65.8155  -23.9676 2
  65.7629  -24.5592 2
  65.7055  -25.1423 2
  65.6536  -25.7958 2
  65.6279  -26.6376 2
  65.6155  -27.2578 2
  65.6041  -27.6690 2
  65.5764  -28.1465 2
  99.0000   99.0000 3
9999 9999,GPML,nolabel,none,black,byPlateId,1,0
 117   45.0   -inf UN   0   0   0     0
  62.9223  -41.1220 3
  63.3571  -42.5009 2
  63.3594  -42.4911 2
  62.9223  -41.1220 2
  99.0000   99.0000 3
9999 9999,GPML,nolabel,none,black,byPlateId,1,0
 117   45.0   -inf UN   0   0   0     0
  63.3571  -42.5009 3
  62.9223  -41.1220 2
  61.0964  -36.1548 2
  60.9191  -36.6958 2
  60.8419  -37.0241 2
  60.7633  -37.3171 2
  60.6827  -37.5845 2
  60.6827  -37.5845 2
  60.6256  -37.7931 2
  60.5087  -37.7871 2
  60.4734  -38.2557 2
  60.3704  -38.5167 2
  60.2698  -38.7390 2
  60.1257  -39.0156 2
  59.9793  -39.2691 2
  59.9958  -40.0077 2
  59.8931  -40.3466 2
  59.7605  -40.6939 2
  59.6430  -41.0804 2
  59.5302  -41.3426 2
  59.4319  -41.6217 2
  59.3369  -41.8102 2
  59.2145  -41.9426 2
  59.0951  -41.9260 2
  59.0285  -42.5138 2
  58.8544  -42.8708 2
  58.7220  -43.1477 2
  58.5876  -43.4515 2
  58.4381  -43.7795 2
  58.2705  -44.1503 2
  58.0888  -44.5532 2
  57.9736  -44.8100 2
  57.8381  -44.9614 2
  57.6809  -45.0743 2
  57.6272  -46.1065 2
  57.4843  -46.4399 2
  57.3059  -46.9653 2
  57.1615  -47.3325 2
  57.0230  -47.6904 2
  56.7565  -48.1705 2
  57.0207  -48.4134 2
  57.1761  -48.4106 2
  57.4504  -48.3751 2
  57.7667  -48.3637 2
  58.0583  -48.3588 2
  58.2949  -48.3731 2
  58.5433  -48.3525 2
  58.7659  -48.3469 2
  59.1158  -48.2609 2
  59.4613  -48.1341 2
  59.6890  -48.0315 2
  59.9446  -47.9705 2
  60.1896  -47.8602 2
  60.4748  -47.6531 2
  60.6708  -47.5294 2
  60.8606  -47.3964 2
  61.0858  -47.1618 2
  61.3226  -46.9056 2
  61.5612  -46.6019 2
  61.7334  -46.3770 2
  61.9288  -46.0855 2
  62.0598  -45.8688 2
  62.2632  -45.5424 2
  62.4141  -45.2924 2
  62.5884  -44.9895 2
  62.7223  -44.7063 2
  62.8537  -44.3291 2
  62.9838  -43.8965 2
  63.1339  -43.4119 2
  63.3571  -42.5009 2
  99.0000   99.0000 3
9999 9999,GPML,nolabel,none,black,byPlateId,1,0
 117   45.0   -inf UN   0   0   0     0
  60.7954  -21.8110 3
  60.8526  -22.0138 2
  60.7741  -22.3161 2
  60.7526  -22.6195 2
  60.7537  -22.8678 2
  60.6882  -23.0614 2
  60.7105  -23.3840 2
  60.7006  -23.6919 2
  60.6968  -23.9810 2
  60.6820  -24.3697 2
  60.6899  -24.7019 2
  60.7063  -24.9217 2
  60.7402  -25.2465 2
  60.7795  -25.5674 2
  60.8205  -26.0579 2
  60.8832  -26.5055 2
  60.9458  -26.8796 2
  61.0107  -27.2338 2
  61.0524  -27.6147 2
  61.0892  -27.9961 2
  61.0848  -28.3313 2
  61.2869  -29.1372 2
  61.3470  -29.7359 2
  61.3835  -30.3710 2
  61.4031  -30.7625 2
  61.4146  -31.1788 2
  61.4322  -31.9480 2
  61.4682  -32.5865 2
  61.4479  -33.4724 2
  61.3963  -33.9379 2
  61.3272  -34.3952 2
  61.2794  -34.7069 2
  61.2066  -35.1265 2
  61.1619  -35.4364 2
  61.1104  -35.8562 2
  63.5047  -42.3439 2
  63.6705  -41.8566 2
  63.8347  -41.2630 2
  64.0025  -40.7943 2
  64.1423  -40.5394 2
  64.3502  -40.0836 2
  64.6002  -39.5771 2
  64.7704  -39.1454 2
  64.8992  -38.7879 2
  64.9998  -38.4636 2
  65.1477  -37.9670 2
  65.3565  -37.3015 2
  65.5459  -36.8244 2
  65.7243  -36.4125 2
  65.9008  -35.9865 2
  66.1635  -35.3584 2
  66.2695  -34.8063 2
  66.3552  -34.4438 2
  66.4607  -34.2162 2
  66.4124  -33.8431 2
  66.4286  -33.3516 2
  66.4012  -32.7111 2
  66.3603  -32.0185 2
  66.3157  -31.4210 2
  66.2759  -30.9002 2
  66.2112  -30.3119 2
  66.1278  -29.6981 2
  66.0252  -29.0031 2
  65.8726  -28.1998 2
  65.7309  -27.4727 2
  65.6076  -26.8259 2
  65.4909  -26.2677 2
  65.3777  -25.6627 2
  65.2903  -25.2026 2
  65.2223  -24.7355 2
  65.1758  -24.3156 2
  65.1177  -23.8160 2
  65.0338  -23.3024 2
  64.9756  -22.8232 2
  64.9474  -22.4533 2
  64.8957  -22.0133 2
  64.8551  -21.6653 2
  64.8189  -21.2889 2
  64.7485  -20.7200 2
  64.6790  -20.3408 2
  64.5940  -19.7868 2
  64.5186  -19.3307 2
  64.4491  -18.9071 2
  64.3824  -18.4178 2
  64.3289  -17.9353 2
  64.2648  -17.4588 2
  64.2288  -17.1296 2
  64.1669  -16.6679 2
  64.0750  -15.9871 2
  63.9485  -15.2699 2
  63.8679  -14.7503 2
  63.8304  -14.2683 2
  63.7668  -13.7200 2
  63.6727  -13.2403 2
  63.8719  -12.6125 2
  63.5746  -12.5635 2
  63.5416  -12.2570 2
  63.4775  -11.9216 2
  63.3775  -11.5615 2
  63.2859  -11.2736 2
  63.1786  -11.0193 2
  62.8647  -10.8832 2
  62.7406  -11.4536 2
  62.7390  -11.9149 2
  62.7350  -12.3065 2
  62.7243  -12.5393 2
  62.6968  -12.9102 2
  62.6750  -13.1640 2
  62.6300  -13.5031 2
  62.4859  -13.9038 2
  62.3927  -14.3007 2
  62.2892  -14.6046 2
  62.2329  -14.9371 2
  62.1611  -15.3711 2
  62.1123  -15.6697 2
  62.0975  -15.9725 2
  62.0879  -16.2891 2
  62.0620  -16.5969 2
  61.9790  -16.9243 2
  61.9133  -17.1561 2
  61.7761  -17.4245 2
  61.5214  -17.6747 2
  61.6752  -17.9894 2
  61.5721  -18.4173 2
  61.4945  -18.7625 2
  61.4168  -19.1157 2
  61.3713  -19.3463 2
  61.3199  -19.7297 2
  61.2585  -20.1071 2
  61.1885  -20.5226 2
  61.1440  -20.8275 2
  61.0862  -21.2236 2
  61.0335  -21.6066 2
  60.7954  -21.8110 2
  99.0000   99.0000 3
9999 9999,GPML,nolabel,none,black,byPlateId,1,0
 114   45.0   -inf UN   0   0   0     0
  72.7928  -13.1797 3
  73.0009  -13.7040 2
  73.1901  -13.9846 2
  73.2123  -13.9070 2
  73.2327  -13.8426 2
  73.2436  -13.7916 2
  73.2698  -13.6977 2
  73.3331  -13.6026 2
  73.3752  -13.6220 2
  73.5483  -13.7585 2
  73.7188  -13.8628 2
  73.7971  -13.8849 2
  73.9393  -13.9043 2
  74.0635  -13.8897 2
  74.2016  -13.8715 2
  74.3532  -13.8720 2
  74.4314  -13.8597 2
  74.5469  -13.8127 2
  74.6640  -13.7749 2
  74.8266  -13.7181 2
  75.0761  -13.7799 2
  75.7136  -14.3516 2
  76.3453  -15.0725 2
  76.5371  -15.5460 2
  76.6826  -16.1117 2
  76.8140  -16.6232 2
  76.9599  -17.3344 2
  77.0725  -17.9211 2
  77.1980  -18.5991 2
  77.2149  -18.9171 2
  77.2030  -19.2883 2
  77.2189  -19.6379 2
  77.3196  -20.2225 2
  77.7459  -21.0848 2
  77.9403  -21.1156 2
  78.0341  -20.9749 2
  78.1150  -20.6866 2
  78.1829  -20.4054 2
  78.2826  -20.0633 2
  78.4103  -19.9025 2
  78.8168  -20.3421 2
  79.1341  -20.6445 2
  79.3685  -20.6017 2
  79.7293  -20.7393 2
  80.3076  -21.6168 2
  80.8201  -23.1335 2
  80.9350  -24.0884 2
  80.9475  -24.9238 2
  80.9799  -26.0822 2
  80.9553  -27.0919 2
  81.0065  -28.2130 2
  81.0005  -28.8860 2
  80.9528  -29.7704 2
  81.0884  -30.9522 2
  81.3457  -31.0791 2
  81.4763  -30.1307 2
  81.6127  -29.1364 2
  81.7163  -28.3544 2
  81.8643  -27.2924 2
  81.9950  -26.2960 2
  82.1159  -25.2268 2
  82.2010  -24.6135 2
  82.3376  -23.6767 2
  82.4712  -22.7417 2
  82.6409  -21.5672 2
  82.5485  -20.0646 2
  81.7561  -18.8818 2
  81.1303  -17.9468 2
  80.6370  -17.2117 2
  80.0371  -16.6241 2
  79.3435  -15.9738 2
  78.4548  -15.1497 2
  77.6922  -14.5312 2
  77.2508  -14.1209 2
  76.9545  -13.7635 2
  76.7217  -13.4763 2
  76.3420  -13.1689 2
  75.9704  -12.9296 2
  75.5090  -12.6265 2
  75.1549  -12.3991 2
  74.9448  -12.2818 2
  74.5985  -12.0536 2
  74.2240  -11.9096 2
  73.7443  -12.0278 2
  73.3314  -11.9762 2
  73.1416  -12.0206 2
  73.1278  -12.0589 2
  73.1122  -12.1206 2
  73.1070  -12.1591 2
  73.0999  -12.2520 2
  73.0947  -12.3184 2
  73.0605  -12.3703 2
  73.0339  -12.3981 2
  73.0120  -12.4782 2
  72.9876  -12.5399 2
  72.9828  -12.5716 2
  72.9806  -12.6482 2
  72.9370  -12.7290 2
  72.9358  -12.7610 2
  72.9331  -12.8484 2
  72.9032  -12.9539 2
  72.8781  -12.9909 2
  72.8527  -13.0260 2
  72.8295  -13.1291 2
  72.7928  -13.1797 2
  99.0000   99.0000 3
9999 9999,GPML,nolabel,none,black,byPlateId,1,0
 114   45.0   -inf UN   0   0   0     0
  71.7550  -14.0301 3
  71.7044  -14.0196 2
  71.6758  -13.9049 2
  71.6425  -13.8545 2
  71.6352  -13.8408 2
  71.5671  -13.8255 2
  71.5588  -13.7726 2
  71.5457  -13.6923 2
  71.5314  -13.5483 2
  71.4880  -13.4774 2
  71.4678  -13.3723 2
  71.4692  -13.2343 2
  71.4297  -13.1469 2
  71.3744  -13.1051 2
  71.3469  -13.0354 2
  71.3329  -12.9993 2
  71.2983  -12.9217 2
  71.2848  -12.8746 2
  71.2688  -12.7912 2
  71.2615  -12.7548 2
  71.2419  -12.6113 2
  71.2201  -12.5439 2
  71.2089  -12.5161 2
  71.1882  -12.4028 2
  71.1633  -12.3330 2
  71.1099  -12.3208 2
  70.7284  -12.4000 2
  70.2604  -12.5719 2
  70.0464  -12.5597 2
  69.9881  -12.4719 2
  69.8800  -12.2867 2
  69.7793  -12.1936 2
  69.6957  -12.1303 2
  69.4053  -12.0799 2
  68.9407  -12.1291 2
  68.2429  -12.2435 2
  67.8859  -12.4309 2
  67.7150  -12.6179 2
  67.5957  -12.7427 2
  67.4220  -12.9448 2
  67.3346  -13.0863 2
  67.2549  -13.2134 2
  66.9480  -13.3798 2
  66.8634  -13.5149 2
  66.8748  -13.7412 2
  66.8830  -14.0917 2
  66.9245  -14.3987 2
  66.9653  -14.7068 2
  67.0404  -15.2340 2
  67.1315  -15.8046 2
  67.2449  -16.5750 2
  67.3266  -17.0865 2
  67.4128  -17.6219 2
  67.4696  -18.0845 2
  67.5488  -18.6566 2
  67.7464  -19.0414 2
  67.9537  -18.4068 2
  67.9908  -18.1746 2
  67.9952  -17.9757 2
  68.0746  -17.6836 2
  68.0686  -17.3776 2
  68.0738  -17.1867 2
  68.1129  -16.9345 2
  68.1642  -16.6514 2
  68.2310  -16.2899 2
  68.2855  -16.0727 2
  68.3503  -15.8232 2
  68.3909  -15.6041 2
  68.4508  -15.3271 2
  68.5323  -14.9513 2
  68.6063  -14.7751 2
  68.6902  -14.5892 2
  68.7653  -14.4298 2
  69.1247  -14.0800 2
  69.4380  -13.9588 2
  69.5052  -14.0365 2
  69.5704  -14.1471 2
  69.6996  -14.3274 2
  69.7585  -14.5087 2
  69.7726  -14.5811 2
  69.8814  -14.6586 2
  69.9527  -14.7023 2
  70.3879  -14.3261 2
  70.6142  -14.2683 2
  70.7540  -14.3268 2
  70.8458  -14.4140 2
  70.8371  -14.6139 2
  70.9951  -14.5442 2
  71.0287  -14.7013 2
  71.1158  -14.7046 2
  71.1073  -14.9169 2
  70.9606  -15.5496 2
  70.9764  -15.7338 2
  71.0377  -15.8481 2
  71.1489  -15.7737 2
  71.2226  -15.7626 2
  71.3015  -15.7361 2
  71.3515  -15.8347 2
  71.3909  -15.9126 2
  71.4578  -15.8880 2
  71.5257  -15.8622 2
  71.5995  -15.7901 2
  71.7214  -15.3763 2
  71.7911  -14.1161 2
  71.7841  -13.9642 2
  71.7550  -14.0301 2
  99.0000   99.0000 3
9999 9999,GPML,nolabel,none,black,byPlateId,1,0
 114   45.0   -inf UN   0   0   0     0
  72.0105  -15.1035 3
  72.0395  -15.1605 2
  72.0665  -15.1654 2
  72.0902  -15.1334 2
  72.1174  -15.0655 2
  72.1649  -15.0178 2
  72.1906  -14.9819 2
  72.2041  -14.9842 2
  72.2215  -14.9454 2
  72.2626  -14.9472 2
  72.2737  -14.9019 2
  72.2934  -14.8200 2
  72.3130  -14.7378 2
  72.3230  -14.5724 2
  72.3587  -14.6135 2
  72.3746  -14.5896 2
  72.3871  -14.5849 2
  72.4162  -14.6422 2
  72.4521  -14.7008 2
  72.4955  -14.6760 2
  72.5199  -14.6719 2
  72.5446  -14.7597 2
  72.5766  -14.7863 2
  72.5812  -14.7164 2
  72.5993  -14.6486 2
  72.6251  -14.6861 2
  72.6299  -14.6334 2
  72.6623  -14.5970 2
  72.7229  -14.6872 2
  72.8060  -14.7953 2
  72.8456  -14.7371 2
  72.8624  -14.7019 2
  72.9129  -14.7714 2
  72.9188  -14.7248 2
  72.9429  -14.7438 2
  73.0005  -14.7917 2
  73.0789  -14.7792 2
  73.1057  -14.7480 2
  73.1327  -14.6164 2
  73.1427  -14.5203 2
  73.1528  -14.4241 2
  73.1681  -14.3451 2
  73.1713  -14.2477 2
  73.1757  -14.1753 2
  73.1728  -14.0481 2
  73.1898  -13.9882 2
  73.1155  -13.8731 2
  73.0067  -13.7018 2
  72.9730  -13.6341 2
  72.8774  -13.3857 2
  72.8190  -13.2441 2
  72.7935  -13.1800 2
  72.7090  -13.2082 2
  72.5591  -13.3696 2
  72.4559  -13.5296 2
  72.3826  -13.6875 2
  72.2644  -13.7179 2
  72.1389  -13.6853 2
  72.0699  -13.6912 2
  72.0668  -14.0433 2
  72.0602  -14.5880 2
  72.0591  -14.7331 2
  72.0111  -15.1110 2
  72.0105  -15.1035 2
  99.0000   99.0000 3
9999 9999,GPML,nolabel,none,black,byPlateId,1,0
 114   45.0   -inf UN   0   0   0     0
  72.0605  -14.7278 3
  72.0729  -13.6727 2
  72.0423  -13.6399 2
  72.0370  -13.5894 2
  72.0087  -13.5853 2
  71.9751  -13.6716 2
  71.9551  -13.6646 2
  71.9463  -13.6633 2
  71.9204  -13.6196 2
  71.7912  -13.9921 2
  71.7214  -15.3763 2
  71.7478  -15.4017 2
  71.7785  -15.2411 2
  71.8037  -15.1870 2
  71.8456  -15.0882 2
  71.8805  -15.1489 2
  71.8903  -15.1699 2
  71.9198  -15.2605 2
  71.9652  -15.1893 2
  71.9998  -15.1308 2
  72.0115  -15.1099 2
  72.0605  -14.7278 2
  99.0000   99.0000 3
