9999 9999,GPML,nolabel,none,black,byPlateId,1,0
 101 4500.0   -inf UN   0   0   0     0
  30.9960  -11.4509 3
  30.8541  -11.3540 2
  30.6408  -11.1363 2
  30.3995  -10.8556 2
  30.2287  -10.6201 2
  30.0836  -10.4385 2
  29.9907  -10.2977 2
  29.8661  -10.0369 2
  29.7221   -9.7476 2
  29.5432   -9.4262 2
  29.4219   -9.2093 2
  29.3355   -9.0591 2
  29.2362   -8.8857 2
  29.1308   -8.6917 2
  29.0170   -8.4939 2
  28.9031   -8.3291 2
  28.7501   -8.1216 2
  28.6151   -7.9285 2
  28.5113   -7.7995 2
  28.3961   -7.6631 2
  28.2735   -7.4852 2
  28.1650   -7.3469 2
  28.0615   -7.2084 2
  27.9162   -6.9962 2
  27.7276   -6.7475 2
  27.5321   -6.4846 2
  27.4029   -6.2636 2
  27.2497   -6.0641 2
  27.0958   -5.8540 2
  26.9849   -5.6778 2
  26.8642   -5.4720 2
  26.7201   -5.2181 2
  26.5629   -4.9682 2
  26.3921   -4.6732 2
  26.2013   -4.3407 2
  26.0609   -4.0804 2
  25.9312   -3.8271 2
  25.7901   -3.5903 2
  25.6468   -3.3247 2
  25.4698   -3.0638 2
  25.3297   -2.8409 2
  25.3198   -2.5621 2
  24.9458   -2.4296 2
  24.5339   -2.3186 2
  24.2035   -2.1932 2
  23.8268   -2.0030 2
  23.4894   -1.7854 2
  23.1624   -1.5339 2
  22.9231   -1.3159 2
  22.7265   -1.1495 2
  22.6002   -1.0316 2
  22.4461   -0.8757 2
  22.1381   -0.5986 2
  21.9234   -0.4251 2
  21.5162   -0.1490 2
  21.1116    0.0520 2
  20.5788    0.2093 2
  19.9779    0.2459 2
  19.7244    0.4351 2
  19.0698    0.3278 2
  18.6398    0.5098 2
  18.4422    0.6874 2
  18.2225    0.8589 2
  18.0287    1.0199 2
  17.6168    1.2173 2
  16.8881    1.2325 2
  16.3441    1.0822 2
  15.7981    0.9698 2
  15.2580    0.8063 2
  14.6218    0.5543 2
  14.2209    0.3021 2
  13.8094    0.1020 2
  13.1709   -0.1390 2
  12.8610   -0.4252 2
  12.4242   -0.7113 2
  11.7108   -0.7941 2
  11.1692   -0.5427 2
  10.8716   -0.2710 2
  10.6047   -0.0297 2
  10.2864    0.1539 2
   9.8290    0.4214 2
   9.3052    0.6125 2
   8.8146    0.7175 2
   8.3586    0.8346 2
   7.8785    0.9414 2
   7.4493    1.0490 2
   6.9459    1.2181 2
   6.4887    1.4743 2
   6.0488    1.8136 2
   5.7682    2.1318 2
   5.6365    2.3790 2
   5.4612    2.8358 2
   5.3324    3.1866 2
   5.1861    3.5244 2
   4.9046    3.9352 2
   4.4518    4.3325 2
   4.0919    4.5788 2
   3.6455    4.8929 2
   3.0748    5.2676 2
   2.5082    5.6498 2
   1.8988    5.9790 2
   1.1815    6.1003 2
   1.1164    5.7690 2
   1.0437    5.5270 2
   0.9331    5.2442 2
   0.8238    4.9813 2
   0.6845    4.6422 2
   0.5107    4.1679 2
   0.1223    3.7623 2
  -0.2549    3.3469 2
  -0.6509    2.9155 2
  -0.8888    2.5513 2
  -1.0787    2.1332 2
  -1.2362    1.7140 2
  -1.4152    1.3610 2
  -1.6142    0.9960 2
  -1.7697    0.5866 2
  -1.8832    0.2479 2
  -1.9366   -0.0204 2
  -1.9490   -0.3256 2
  -1.9489   -0.7211 2
  -1.8996   -1.2368 2
  -1.8639   -1.6173 2
  -1.9064   -2.1511 2
  -1.8846   -2.6693 2
  -1.8887   -3.0699 2
  -2.0236   -3.6588 2
  -2.4456   -4.5035 2
  -2.7877   -5.0725 2
  -3.0548   -5.6701 2
  -3.3927   -6.3725 2
  -3.5747   -6.8205 2
  -3.8303   -7.3317 2
  -4.2376   -7.7625 2
  -4.7637   -8.2636 2
  -5.2123   -8.5913 2
  -5.7275   -9.1688 2
  -6.2192   -9.8113 2
  -6.7999  -10.1506 2
  -6.9739  -10.5474 2
  -6.9685  -10.8740 2
  -7.0400  -11.4412 2
  -7.1122  -12.1572 2
  -7.2144  -12.7301 2
  -7.3639  -13.2046 2
  -7.5329  -13.6852 2
  -7.7558  -14.2869 2
  -8.2462  -15.1443 2
  -8.5181  -15.6824 2
  -8.7893  -16.1590 2
  -9.0757  -16.6468 2
  -9.2987  -17.0120 2
  -9.5896  -17.3287 2
  -9.8688  -17.8418 2
 -10.1583  -18.4905 2
 -10.4014  -19.1532 2
 -10.5622  -19.6602 2
 -10.7481  -20.2962 2
 -10.8965  -20.9428 2
 -11.0280  -21.5987 2
 -11.0205  -22.3006 2
 -11.0340  -22.8797 2
 -11.0013  -23.5253 2
 -10.9462  -24.2501 2
 -10.8329  -24.9713 2
 -10.7296  -25.6800 2
 -10.5540  -26.4305 2
 -10.3033  -27.1424 2
 -10.0473  -27.8086 2
  -9.8921  -28.6198 2
  -9.5053  -29.1471 2
  -9.2527  -29.5734 2
  -9.0280  -29.8665 2
  -8.8338  -30.2459 2
  -8.6903  -30.6116 2
  -8.5956  -31.1519 2
  -8.5356  -31.7405 2
  -8.6343  -32.3554 2
  -8.7779  -33.0704 2
  -8.9145  -33.9194 2
  -8.9620  -34.6754 2
  -8.9133  -35.5414 2
  -8.7740  -36.3884 2
  -8.7600  -36.8825 2
  -9.2540  -37.2787 2
  -9.7931  -37.4717 2
 -10.2441  -37.6246 2
 -10.6486  -37.8831 2
 -10.2574  -38.5191 2
  -9.9935  -38.9714 2
  -9.5050  -39.4903 2
  -9.0356  -39.9575 2
  -8.4366  -40.1953 2
  -7.4209  -39.8301 2
  -6.6348  -39.4771 2
  -5.3949  -38.6068 2
  -4.6204  -38.2029 2
  -4.0108  -38.0955 2
  -3.4453  -38.1771 2
  -2.9449  -38.5317 2
  -2.4880  -38.7753 2
  -2.0703  -38.8866 2
  -1.7313  -38.9536 2
  -1.3153  -38.7664 2
  -0.7272  -38.3338 2
  -0.2482  -37.8281 2
   0.0395  -37.2542 2
   0.2304  -36.6456 2
   0.6008  -35.9577 2
   1.0219  -35.4204 2
   1.4407  -35.0877 2
   2.1248  -34.6571 2
   2.9196  -34.2023 2
   3.8928  -33.7313 2
   4.6905  -33.4532 2
   5.6152  -33.1700 2
   6.5660  -32.9267 2
   7.3481  -32.8487 2
   8.1095  -32.8465 2
   8.7992  -32.8625 2
   9.2813  -32.8384 2
   9.8815  -32.7449 2
  10.5020  -32.5813 2
  11.0239  -32.3734 2
  11.8528  -32.0915 2
  12.6925  -31.9694 2
  13.5036  -31.7290 2
  14.1451  -31.5936 2
  14.7093  -31.4088 2
  15.2434  -31.2193 2
  15.7985  -31.0097 2
  16.4950  -30.6953 2
  16.9337  -30.4764 2
  17.4714  -30.3284 2
  18.0296  -30.2880 2
  18.3982  -30.3116 2
  18.9067  -30.3103 2
  19.4668  -30.3284 2
  19.9867  -30.3732 2
  20.6641  -30.4212 2
  21.1763  -30.4310 2
  21.7116  -30.4327 2
  22.3908  -30.2865 2
  23.0140  -30.0523 2
  23.5557  -29.7806 2
  24.0628  -29.4446 2
  24.4183  -29.2177 2
  24.7736  -29.0553 2
  25.2693  -28.7702 2
  25.8096  -28.4767 2
  26.2148  -28.3300 2
  26.6410  -27.9594 2
  26.8260  -27.2459 2
  27.2476  -26.4092 2
  27.8940  -25.5979 2
  28.5400  -24.9740 2
  29.0663  -24.5936 2
  29.3630  -24.4959 2
  29.7326  -24.3963 2
  30.1844  -24.3609 2
  30.7474  -24.2950 2
  31.3308  -24.2802 2
  31.8593  -24.3388 2
  32.2215  -24.4146 2
  32.4804  -24.4735 2
  32.7429  -24.3567 2
  32.9598  -24.1181 2
  33.2259  -23.8330 2
  33.6732  -23.2916 2
  34.0989  -22.6788 2
  34.2499  -21.9966 2
  34.5109  -21.5606 2
  34.7638  -21.4451 2
  35.1000  -21.2777 2
  35.3209  -20.5226 2
  35.3136  -20.1215 2
  35.2034  -19.5419 2
  35.0470  -19.0308 2
  34.9393  -18.7211 2
  34.8139  -18.4014 2
  34.7146  -18.1363 2
  34.5972  -17.8763 2
  34.5059  -17.5457 2
  34.4042  -17.0820 2
  34.3314  -16.7816 2
  34.2759  -16.3880 2
  34.2802  -15.7920 2
  34.4674  -15.0392 2
  34.7377  -14.5871 2
  34.9974  -14.2450 2
  35.3258  -13.5128 2
  35.5061  -12.7745 2
  35.5365  -12.3739 2
  35.5109  -12.0979 2
  35.2495  -12.2423 2
  34.9648  -12.2560 2
  34.7283  -12.2698 2
  34.5282  -12.2493 2
  34.3354  -12.1920 2
  34.0992  -12.1347 2
  33.9366  -12.0975 2
  33.7862  -12.0528 2
  33.5580  -11.9777 2
  33.3877  -11.9143 2
  33.2377  -11.8657 2
  33.1050  -11.8283 2
  32.9559  -11.7938 2
  32.7575  -11.7799 2
  32.4618  -11.7502 2
  32.1855  -11.7303 2
  31.8520  -11.7158 2
  31.6779  -11.6809 2
  31.4761  -11.6354 2
  31.2094  -11.5515 2
  30.9960  -11.4509 2
  99.0000   99.0000 3
9999 9999,GPML,nolabel,none,black,byPlateId,1,0
 108  300.0   -inf UN   0   0   0     0
  -4.3302    2.4996 3
  -4.3742    2.0350 2
  -4.3436    1.5786 2
  -4.4012    1.1348 2
  -4.4424    0.6791 2
  -4.4478    0.1818 2
  -4.5029   -0.2939 2
  -4.5500   -0.8384 2
  -4.7656   -1.4389 2
  -5.0496   -2.0387 2
  -5.3192   -2.6277 2
  -5.5405   -3.0596 2
  -5.7072   -3.4867 2
  -5.7387   -4.2033 2
  -5.7488   -4.7735 2
  -5.8404   -5.3663 2
  -6.2835   -6.3389 2
  -6.5461   -7.0639 2
  -6.6566   -7.5546 2
  -6.7699   -8.0929 2
  -6.9340   -8.6921 2
  -7.0171   -9.5488 2
  -6.7999  -10.1506 2
  -6.2192   -9.8113 2
  -5.7275   -9.1688 2
  -5.2123   -8.5913 2
  -4.7637   -8.2636 2
  -4.2376   -7.7625 2
  -3.8303   -7.3317 2
  -3.5747   -6.8205 2
  -3.3927   -6.3725 2
  -3.0548   -5.6701 2
  -2.7877   -5.0725 2
  -2.4456   -4.5035 2
  -2.0236   -3.6588 2
  -1.8887   -3.0699 2
  -1.8846   -2.6693 2
  -1.9064   -2.1511 2
  -1.8639   -1.6173 2
  -1.8996   -1.2368 2
  -1.9489   -0.7211 2
  -1.9490   -0.3256 2
  -1.9366   -0.0204 2
  -1.8832    0.2479 2
  -1.7697    0.5866 2
  -1.6142    0.9960 2
  -1.4152    1.3610 2
  -1.2362    1.7140 2
  -1.0787    2.1332 2
  -0.8888    2.5513 2
  -0.6509    2.9155 2
  -0.2549    3.3469 2
   0.1223    3.7623 2
   0.5107    4.1679 2
   0.6845    4.6422 2
   0.8238    4.9813 2
   0.9331    5.2442 2
   1.0437    5.5270 2
   1.1164    5.7690 2
   1.1815    6.1003 2
   0.6479    6.2037 2
  -0.0048    6.2939 2
  -0.8436    6.5529 2
  -1.4351    6.8127 2
  -1.7254    6.4738 2
  -2.1340    6.0481 2
  -2.5605    5.4989 2
  -3.0039    5.0324 2
  -3.3589    4.6402 2
  -3.7595    4.0546 2
  -3.9706    3.6427 2
  -4.1300    3.2764 2
  -4.2410    2.9258 2
  -4.3302    2.4996 2
  99.0000   99.0000 3
9999 9999,GPML,nolabel,none,black,byPlateId,1,0
 109  300.0   -inf UN   0   0   0     0
 -14.6474  -19.4524 3
 -15.3780  -19.8357 2
 -16.0602  -20.1032 2
 -16.7065  -20.3309 2
 -17.2751  -20.5163 2
 -17.7834  -20.7164 2
 -18.4465  -21.0998 2
 -18.8746  -21.5270 2
 -19.2868  -22.2579 2
 -19.3349  -23.1054 2
 -19.0880  -23.9923 2
 -18.7147  -24.5719 2
 -18.4167  -25.0840 2
 -17.8503  -25.1779 2
 -17.4109  -25.1501 2
 -16.9226  -25.0750 2
 -16.5128  -24.9682 2
 -15.8920  -24.8167 2
 -14.9607  -24.7015 2
 -14.1726  -24.7327 2
 -13.5867  -24.8179 2
 -13.0121  -25.0146 2
 -12.5094  -25.3931 2
 -12.2368  -25.8170 2
 -12.1778  -26.1348 2
 -11.7869  -26.3292 2
 -11.2103  -26.5335 2
 -10.7603  -26.6679 2
 -10.3597  -26.9116 2
 -10.0280  -27.1332 2
  -9.5226  -27.5814 2
  -8.9765  -28.0338 2
  -9.1759  -27.2347 2
  -9.4684  -26.5859 2
  -9.7580  -25.8911 2
  -9.9749  -25.1537 2
 -10.1175  -24.4538 2
 -10.2709  -23.7420 2
 -10.3665  -23.0231 2
 -10.4353  -22.3817 2
 -10.4545  -21.8039 2
 -10.5014  -21.1048 2
 -10.4073  -20.4435 2
 -10.2956  -19.7902 2
 -10.1461  -19.1453 2
 -10.0143  -18.6303 2
  -9.8093  -17.9553 2
  -9.5571  -17.2914 2
  -9.3076  -16.7632 2
  -9.0352  -16.4302 2
  -8.8335  -16.0529 2
  -8.5753  -15.5495 2
  -8.3318  -15.0581 2
  -8.0910  -14.5053 2
  -7.6505  -13.6210 2
  -7.4623  -13.0074 2
  -7.3211  -12.5179 2
  -7.1990  -12.0356 2
  -7.1297  -11.4576 2
  -7.0985  -10.7386 2
  -7.0596  -10.1681 2
  -7.0837   -9.8423 2
  -7.6594  -10.1690 2
  -8.6308  -10.5751 2
  -9.0678  -11.1558 2
  -9.3667  -11.5233 2
  -9.9891  -12.1401 2
 -10.4114  -12.5078 2
 -10.7552  -12.7873 2
 -11.2621  -13.1029 2
 -11.6198  -13.5070 2
 -11.9292  -13.9244 2
 -12.1799  -14.3810 2
 -12.4370  -15.1012 2
 -12.6821  -15.8238 2
 -12.8465  -16.3576 2
 -12.9935  -16.8309 2
 -13.1454  -17.3118 2
 -13.3622  -17.8871 2
 -13.6454  -18.4307 2
 -14.0023  -18.8958 2
 -14.6474  -19.4524 2
  99.0000   99.0000 3
9999 9999,GPML,nolabel,none,black,byPlateId,1,0
 106 4500.0   -inf UN   0   0   0     0
  32.1592    5.4937 3
  31.9344    5.6113 2
  31.8105    5.8433 2
  31.7183    6.0338 2
  31.5926    6.2507 2
  31.4743    6.4594 2
  31.3073    6.7785 2
  31.1781    7.0153 2
  31.0688    7.2373 2
  31.0086    7.3683 2
  30.9481    7.4990 2
  30.9182    7.6559 2
  30.8930    7.7562 2
  30.9686    7.8324 2
  30.8293    7.8747 2
  30.8177    7.9880 2
  30.7992    8.1323 2
  30.7661    8.3596 2
  30.7182    8.5156 2
  30.6843    8.6420 2
  30.6798    8.7213 2
  30.6770    8.8704 2
  30.6924    8.9358 2
  30.7150    9.0334 2
  30.4814    9.1501 2
  30.1484    8.9212 2
  30.0005    8.6432 2
  29.8622    8.3812 2
  29.7540    8.1463 2
  29.6260    7.8463 2
  29.5229    7.6216 2
  29.4148    7.3968 2
  29.2948    7.1194 2
  29.1900    6.8772 2
  29.0979    6.6482 2
  28.9917    6.4370 2
  28.8663    6.1996 2
  28.7070    5.9400 2
  28.5946    5.7353 2
  28.4849    5.5234 2
  28.3601    5.2619 2
  28.2605    5.0361 2
  28.1480    4.7880 2
  28.0235    4.5661 2
  27.8988    4.3449 2
  27.7895    4.1338 2
  27.6730    3.9198 2
  27.5107    3.6171 2
  27.3585    3.3297 2
  27.2007    3.0481 2
  27.0510    2.7443 2
  26.8637    2.3884 2
  26.6174    1.9999 2
  26.3307    1.5262 2
  26.1084    1.2096 2
  25.7718    0.7406 2
  25.5213    0.3613 2
  25.2065   -0.0072 2
  24.9520   -0.3460 2
  24.6480   -0.7951 2
  24.2961   -1.2928 2
  23.8837   -1.8198 2
  23.5459   -2.2622 2
  23.7397   -2.4812 2
  23.9255   -2.6731 2
  24.1035   -2.8835 2
  24.2934   -3.0979 2
  24.5473   -3.3688 2
  24.7740   -3.6086 2
  24.9782   -3.8086 2
  25.1706   -4.0155 2
  25.3303   -4.1821 2
  25.4744   -4.3230 2
  25.6673   -4.4851 2
  25.8574   -4.6372 2
  26.0285   -4.8160 2
  26.2728   -5.0178 2
  26.5074   -5.2076 2
  26.6924   -5.3734 2
  26.8216   -5.4794 2
  26.9556   -5.5837 2
  27.1115   -5.7223 2
  27.2516   -5.8230 2
  27.3792   -5.9195 2
  27.5502   -6.0692 2
  27.7418   -6.2279 2
  27.8865   -6.3559 2
  28.0380   -6.5156 2
  28.1805   -6.6739 2
  28.3128   -6.8139 2
  28.4278   -6.9351 2
  28.5905   -7.1109 2
  28.8310   -7.3717 2
  29.0307   -7.6110 2
  29.2057   -7.8280 2
  29.3251   -7.9381 2
  29.5037   -8.0731 2
  29.7184   -8.2529 2
  30.0109   -8.4564 2
  30.2630   -8.6067 2
  30.4209   -8.6603 2
  30.6488   -8.6973 2
  30.9249   -8.7026 2
  31.1301   -8.6890 2
  31.3061   -8.6730 2
  31.6325   -8.5912 2
  31.9044   -8.5304 2
  32.1972   -8.4730 2
  32.3923   -8.4283 2
  32.5439   -8.4177 2
  32.6803   -8.4147 2
  32.8356   -8.4172 2
  33.0137   -8.4276 2
  33.2504   -8.4319 2
  33.4052   -8.4298 2
  33.5703   -8.4169 2
  33.8109   -8.4007 2
  34.0093   -8.3973 2
  34.2073   -8.3560 2
  34.4332   -8.2703 2
  34.7057   -8.1693 2
  34.9285   -7.9496 2
  34.8734   -7.4085 2
  34.7699   -7.0006 2
  34.6429   -6.5085 2
  34.5721   -6.2117 2
  34.4659   -5.8156 2
  34.3468   -5.3909 2
  34.2550   -5.1412 2
  34.1328   -4.8499 2
  34.0692   -4.6783 2
  33.9291   -4.3499 2
  33.7942   -4.0894 2
  33.6782   -3.8714 2
  33.5894   -3.7303 2
  33.4614   -3.5238 2
  33.3712   -3.3805 2
  33.2329   -3.2141 2
  33.2924   -2.6481 2
  33.3586   -2.1399 2
  33.2128   -1.8972 2
  33.0617   -1.6766 2
  32.9417   -1.4064 2
  32.8621   -1.2159 2
  32.8048   -1.0659 2
  32.7402   -0.8084 2
  32.6602   -0.6650 2
  32.5832   -0.5275 2
  32.5353   -0.3854 2
  32.4753   -0.1893 2
  32.3982    0.0273 2
  32.3271    0.2220 2
  32.2530    0.3408 2
  32.2018    0.4206 2
  32.1747    0.5907 2
  32.1681    0.7498 2
  32.2795    1.1570 2
  32.3559    1.5072 2
  32.3568    1.7079 2
  32.3546    1.9528 2
  32.5046    2.3486 2
  32.4392    2.3643 2
  32.4108    2.4515 2
  32.4247    2.7079 2
  32.4316    2.9608 2
  32.4232    3.1004 2
  32.3972    3.2947 2
  32.3484    3.5064 2
  32.2933    3.7342 2
  32.2714    3.8864 2
  32.2597    4.0592 2
  32.3433    4.4991 2
  32.2931    4.5503 2
  32.2701    4.6325 2
  32.2635    4.6963 2
  32.2682    4.8015 2
  32.2540    4.9235 2
  32.2357    5.0171 2
  32.2265    5.0940 2
  32.2060    5.2210 2
  32.1909    5.2855 2
  32.1697    5.3847 2
  32.1592    5.4937 2
  99.0000   99.0000 3
9999 9999,GPML,nolabel,none,black,byPlateId,1,0
 132 4500.0   -inf UN   0   0   0     0
   4.5127  -43.5725 3
   3.9005  -43.8602 2
   4.2710  -44.2076 2
   5.0422  -44.2816 2
   5.8486  -44.3019 2
   6.2705  -44.5295 2
   6.6081  -44.8582 2
   6.9652  -44.4351 2
   7.4012  -43.9963 2
   8.0054  -43.4916 2
   8.4958  -43.0500 2
   8.8191  -42.6737 2
   9.1657  -42.2886 2
   9.6670  -41.7363 2
  10.0271  -41.4257 2
  10.4322  -40.9704 2
  10.7771  -40.4270 2
  11.2469  -39.9145 2
  11.6427  -39.4796 2
  12.0184  -39.0793 2
  12.3493  -38.6969 2
  12.7173  -38.3138 2
  13.0877  -37.8790 2
  13.5361  -37.2922 2
  13.8953  -36.9233 2
  13.6218  -36.6782 2
  13.2240  -36.3791 2
  12.7285  -36.0215 2
  12.4176  -36.6225 2
  11.7508  -36.9617 2
  11.0338  -36.7699 2
  10.3161  -36.4565 2
   9.7851  -36.4494 2
   9.0269  -37.0616 2
   8.6809  -37.4273 2
   8.3849  -37.9161 2
   8.1659  -38.3507 2
   7.8603  -38.8530 2
   7.3065  -39.4886 2
   7.0243  -40.2068 2
   7.0056  -40.9375 2
   6.6010  -41.5357 2
   6.0923  -42.0686 2
   5.7904  -42.4258 2
   5.3368  -42.8688 2
   4.9223  -43.2795 2
   4.5127  -43.5725 2
  99.0000   99.0000 3
9999 9999,GPML,nolabel,none,black,byPlateId,1,0
 133 4500.0   -inf UN   0   0   0     0
   0.3205  -42.3299 3
   0.5502  -42.6450 2
   0.9195  -43.0152 2
   1.3434  -43.3999 2
   2.1747  -43.9904 2
   3.0341  -43.9441 2
   3.6648  -44.0082 2
   4.3410  -44.2651 2
   5.0369  -44.6082 2
   5.6283  -44.2789 2
   6.0171  -43.9582 2
   6.4028  -43.5192 2
   6.8252  -43.0451 2
   7.1020  -42.6672 2
   7.5731  -42.0993 2
   7.9358  -41.4730 2
   7.9043  -40.7413 2
   8.1364  -40.0036 2
   8.6450  -39.3294 2
   8.9151  -38.8057 2
   9.1034  -38.3558 2
   9.3648  -37.8462 2
   9.6845  -37.4561 2
  10.3982  -36.7900 2
  10.9284  -36.7588 2
  11.6661  -37.0202 2
  12.3947  -37.1600 2
  13.0362  -36.7722 2
  13.3045  -36.1485 2
  13.0455  -35.7078 2
  12.9281  -35.4447 2
  12.4114  -35.6670 2
  11.7949  -35.8470 2
  11.1971  -35.9558 2
  10.7157  -35.9919 2
  10.0258  -35.9926 2
   9.2647  -36.0133 2
   8.4847  -36.1104 2
   7.5399  -36.3774 2
   6.6220  -36.6834 2
   5.8310  -36.9810 2
   4.8689  -37.4756 2
   4.0847  -37.9493 2
   3.4104  -38.3959 2
   2.9991  -38.7383 2
   2.5898  -39.2853 2
   2.2343  -39.9815 2
   2.0562  -40.5945 2
   1.7805  -41.1746 2
   1.3120  -41.6901 2
   0.7327  -42.1345 2
   0.3205  -42.3299 2
  99.0000   99.0000 3
9999 9999,GPML,nolabel,none,black,byPlateId,1,0
 124 4500.0   -inf UN   0   0   0     0
  35.3248  -25.5078 3
  34.8936  -26.0789 2
  34.6359  -26.3807 2
  34.4260  -26.6329 2
  34.1670  -26.7628 2
  33.9066  -26.7134 2
  33.5424  -26.6510 2
  33.0125  -26.6126 2
  32.4299  -26.6511 2
  31.8690  -26.7403 2
  31.4186  -26.7939 2
  31.0520  -26.9095 2
  30.7583  -27.0202 2
  30.2431  -27.4267 2
  29.6150  -28.0846 2
  28.9916  -28.9322 2
  28.5931  -29.7969 2
  28.4274  -30.5281 2
  28.0113  -30.9190 2
  27.6102  -31.0815 2
  27.0778  -31.3973 2
  26.5898  -31.7028 2
  26.2389  -31.8790 2
  25.8894  -32.1205 2
  25.3912  -32.4772 2
  24.8566  -32.7694 2
  24.2397  -33.0258 2
  23.5644  -33.1942 2
  23.0293  -33.2083 2
  22.5170  -33.2135 2
  21.8387  -33.1846 2
  21.3178  -33.1543 2
  20.7575  -33.1521 2
  20.2491  -33.1679 2
  19.8801  -33.1545 2
  19.3231  -33.2111 2
  18.7893  -33.3756 2
  18.3563  -33.6089 2
  17.6679  -33.9454 2
  17.1182  -34.1719 2
  16.5889  -34.3774 2
  16.0294  -34.5787 2
  15.3914  -34.7321 2
  14.5864  -34.9953 2
  13.7499  -35.1398 2
  12.9281  -35.4447 2
  13.0455  -35.7078 2
  13.3045  -36.1485 2
  13.8236  -36.4696 2
  14.2412  -36.7393 2
  14.5311  -36.9642 2
  15.1198  -37.2607 2
  15.4426  -37.6098 2
  15.7088  -37.8547 2
  16.0399  -38.1794 2
  16.3323  -38.4474 2
  16.6980  -38.6186 2
  17.2150  -38.6695 2
  17.5954  -38.6041 2
  18.0445  -38.3203 2
  18.5046  -37.6471 2
  19.1055  -37.0035 2
  19.4614  -36.6512 2
  19.7793  -36.3601 2
  20.1356  -35.9993 2
  20.6252  -35.5920 2
  21.2186  -35.2611 2
  21.8757  -34.9928 2
  22.3726  -34.9185 2
  22.9970  -34.7909 2
  23.4939  -34.5308 2
  23.8297  -34.2369 2
  24.3150  -33.8351 2
  24.8248  -33.5961 2
  25.4299  -33.2481 2
  25.9816  -32.9737 2
  26.4305  -32.8007 2
  26.9823  -32.5359 2
  27.3503  -32.3283 2
  27.8816  -32.0891 2
  28.1312  -32.1198 2
  28.5995  -31.6634 2
  29.2824  -31.2975 2
  29.9125  -30.9753 2
  30.4504  -30.7270 2
  30.8759  -30.5516 2
  31.2640  -30.3600 2
  31.8207  -30.2794 2
  32.3599  -30.1583 2
  33.0327  -30.0535 2
  33.6509  -29.7679 2
  33.9874  -29.9660 2
  34.6053  -29.5497 2
  34.9934  -29.4644 2
  35.2954  -29.3568 2
  35.7104  -29.2614 2
  36.1398  -29.1037 2
  36.7490  -28.9736 2
  37.2028  -28.8450 2
  37.4738  -28.7957 2
  37.8492  -28.6893 2
  38.2483  -28.6052 2
  38.6504  -28.5282 2
  39.0457  -28.4855 2
  39.4164  -28.2658 2
  39.3439  -27.7637 2
  39.1328  -27.2365 2
  38.8302  -27.2372 2
  38.4468  -26.9132 2
  38.2115  -26.6305 2
  37.9853  -26.3529 2
  37.7416  -26.0278 2
  37.5570  -25.7751 2
  37.3363  -25.4147 2
  37.1157  -25.0991 2
  36.8237  -24.7447 2
  36.6213  -24.2226 2
  36.6904  -23.3908 2
  36.3595  -23.5769 2
  36.1103  -23.7062 2
  35.8626  -24.1624 2
  35.7321  -24.8645 2
  35.3248  -25.5078 2
  99.0000   99.0000 3
9999 9999,GPML,nolabel,none,black,byPlateId,1,0
 131 4500.0   -inf UN   0   0   0     0
   4.5369  -43.4486 3
   4.1688  -43.8604 2
   4.6494  -44.3068 2
   5.0116  -44.8063 2
   5.0703  -45.5310 2
   5.5622  -45.1126 2
   6.1962  -44.7756 2
   6.9278  -44.5803 2
   7.5392  -44.4839 2
   8.2980  -44.4438 2
   9.1234  -44.2918 2
   9.8000  -44.1196 2
  10.4480  -44.0882 2
  10.8271  -44.3678 2
  11.2956  -44.6471 2
  11.8856  -44.5993 2
  12.0636  -43.9654 2
  12.0718  -43.3600 2
  12.0440  -42.8716 2
  12.0027  -42.1581 2
  11.9187  -41.3350 2
  11.8438  -40.8181 2
  11.7804  -40.3623 2
  11.6548  -39.9339 2
  11.5339  -39.4716 2
  11.4169  -38.9117 2
  11.4411  -38.3087 2
  11.6278  -37.7509 2
  12.1055  -37.3114 2
  12.5235  -36.9272 2
  12.2375  -36.5500 2
  11.6817  -36.1960 2
  11.3111  -36.5497 2
  10.8446  -37.1167 2
  10.4611  -37.5359 2
  10.0816  -37.9041 2
   9.7394  -38.2729 2
   9.3518  -38.6584 2
   8.9432  -39.0778 2
   8.4586  -39.5723 2
   8.0981  -40.1015 2
   7.6802  -40.5418 2
   7.3115  -40.8399 2
   6.7948  -41.3743 2
   6.4377  -41.7472 2
   6.1042  -42.1123 2
   5.6019  -42.5379 2
   4.9844  -43.0235 2
   4.5369  -43.4486 2
  99.0000   99.0000 3
9999 9999,GPML,nolabel,none,black,byPlateId,1,0
 105 4500.0   -inf UN   0   0   0     0
  -4.9137  -49.0211 3
  -4.5511  -49.3938 2
  -3.9991  -49.7078 2
  -3.2955  -49.5085 2
  -2.8314  -49.4897 2
  -1.9850  -49.2384 2
  -1.4704  -49.0461 2
  -1.1269  -48.6257 2
  -0.5626  -48.3412 2
   0.1075  -48.0917 2
   0.6693  -48.1630 2
   1.3250  -48.0595 2
   1.8713  -47.9097 2
   2.3378  -47.7622 2
   2.9099  -47.3670 2
   2.9453  -46.8129 2
   3.4133  -46.4342 2
   4.0149  -46.0046 2
   4.7565  -45.4955 2
   5.4707  -45.0088 2
   5.9254  -44.6818 2
   6.5544  -44.4247 2
   7.2795  -44.2150 2
   7.8147  -44.2537 2
   8.2026  -44.3567 2
   8.5770  -44.4719 2
   9.3196  -44.6040 2
   9.9343  -44.1437 2
  10.3834  -43.8303 2
  10.8177  -43.5849 2
  11.2095  -43.5093 2
  11.8042  -43.1257 2
  12.4150  -42.7944 2
  12.8850  -42.1888 2
  12.3406  -42.2531 2
  11.7283  -42.4683 2
  11.3095  -42.5808 2
  10.7005  -42.7178 2
   9.6626  -43.0251 2
   8.9180  -43.1529 2
   8.4222  -43.1583 2
   8.0533  -43.1278 2
   7.3731  -43.0068 2
   6.8821  -42.8994 2
   6.4236  -42.9581 2
   5.6955  -43.1916 2
   4.8882  -43.4932 2
   4.2858  -43.7130 2
   3.7366  -44.0222 2
   3.4603  -44.2983 2
   3.0453  -44.5354 2
   2.3705  -44.8567 2
   1.9209  -45.1142 2
   1.4712  -45.3069 2
   0.7655  -45.6163 2
   0.0253  -45.8970 2
  -0.4832  -46.3605 2
  -1.1753  -46.4802 2
  -1.8191  -46.6824 2
  -2.6007  -47.1173 2
  -3.3253  -47.4887 2
  -3.8863  -47.6645 2
  -4.3034  -47.8221 2
  -4.6722  -47.9316 2
  -5.0492  -48.0388 2
  -5.0964  -48.5189 2
  -4.9137  -49.0211 2
  99.0000   99.0000 3
9999 9999,GPML,nolabel,none,black,byPlateId,1,0
 134 4500.0   -inf UN   0   0   0     0
  -1.1460  -39.6508 3
  -1.5080  -39.2733 2
  -1.7313  -38.9536 2
  -2.0703  -38.8866 2
  -2.4880  -38.7753 2
  -2.9449  -38.5317 2
  -3.4453  -38.1771 2
  -4.0108  -38.0955 2
  -4.6204  -38.2029 2
  -5.3949  -38.6068 2
  -6.6348  -39.4771 2
  -7.4209  -39.8301 2
  -8.4366  -40.1953 2
  -7.5724  -40.8830 2
  -6.9453  -41.2393 2
  -6.0601  -41.6453 2
  -5.5748  -41.9645 2
  -5.1239  -42.2060 2
  -4.2678  -42.6101 2
  -3.5151  -42.9831 2
  -2.8348  -43.1516 2
  -1.9505  -43.3564 2
  -1.3044  -43.4957 2
  -0.5444  -43.6575 2
  -0.0958  -43.6831 2
   0.5237  -43.6806 2
   1.1280  -43.6410 2
   1.5780  -43.7004 2
   1.8260  -43.8865 2
   2.1139  -44.0577 2
   2.7218  -43.8927 2
   3.3595  -43.8277 2
   4.2158  -43.7340 2
   4.9787  -43.6875 2
   5.4374  -43.7438 2
   5.8871  -43.9689 2
   6.5170  -44.2542 2
   6.7189  -43.7820 2
   6.6059  -43.0617 2
   6.2071  -42.5899 2
   5.6942  -42.1804 2
   5.3407  -41.8695 2
   4.9082  -41.6636 2
   4.1018  -41.6833 2
   3.3278  -41.6477 2
   2.9407  -41.3195 2
   2.2511  -40.9644 2
   1.5799  -40.6953 2
   0.9505  -40.6194 2
   0.0904  -40.6494 2
  -0.7295  -40.0436 2
  -1.1460  -39.6508 2
  99.0000   99.0000 3
9999 9999,GPML,nolabel,none,black,byPlateId,1,0
 104 4500.0   -inf UN   0   0   0     0
   2.8248  -43.9024 3
   2.1279  -43.9754 2
   1.2935  -43.8813 2
   0.3514  -43.7944 2
  -0.1544  -43.7221 2
  -0.7191  -43.5894 2
  -1.6889  -43.5132 2
  -2.3992  -43.3961 2
  -3.4447  -43.0534 2
  -4.0881  -43.0392 2
  -4.6879  -42.7679 2
  -5.3233  -42.4562 2
  -5.7254  -42.1288 2
  -6.3099  -41.6762 2
  -6.8077  -42.0170 2
  -7.3623  -42.4605 2
  -7.9603  -42.9296 2
  -8.6018  -43.3868 2
  -9.0821  -43.7309 2
  -9.6680  -44.0436 2
 -10.3294  -44.3717 2
 -11.1082  -44.7194 2
 -11.9166  -45.1819 2
 -12.8854  -45.5441 2
 -13.3890  -45.5733 2
 -14.1933  -45.5746 2
 -14.9129  -45.5409 2
 -15.4505  -45.2288 2
 -16.1647  -45.5315 2
 -16.8270  -45.3245 2
 -17.5631  -45.4742 2
 -17.1913  -46.1474 2
 -16.5383  -46.7786 2
 -16.0821  -47.3479 2
 -15.6899  -47.5581 2
 -15.1371  -47.7998 2
 -14.7209  -48.2089 2
 -14.0932  -48.7281 2
 -13.1882  -48.9757 2
 -12.5879  -49.1229 2
 -12.0045  -49.3091 2
 -11.4720  -49.4157 2
 -10.8973  -49.5862 2
 -10.3407  -49.7032 2
  -9.7283  -49.8754 2
  -9.1292  -49.9718 2
  -8.3975  -50.0565 2
  -7.8329  -50.0273 2
  -6.9703  -50.1015 2
  -6.2842  -49.9858 2
  -5.6918  -50.0661 2
  -4.9733  -49.7467 2
  -4.4588  -49.3433 2
  -4.1587  -48.9774 2
  -4.2347  -48.3584 2
  -3.7389  -48.1014 2
  -3.4871  -47.6371 2
  -2.9658  -47.2492 2
  -2.2800  -47.0201 2
  -1.3723  -46.9023 2
  -0.7953  -46.7471 2
  -0.2466  -46.5131 2
   0.1895  -46.2888 2
   0.6880  -46.0306 2
   1.2501  -45.9149 2
   1.9212  -45.6698 2
   2.4665  -45.3992 2
   3.2015  -45.3049 2
   3.7322  -45.2342 2
   4.1787  -44.9904 2
   4.2798  -45.3127 2
   4.9889  -44.9596 2
   5.6607  -44.5806 2
   6.0891  -44.3431 2
   6.5108  -44.0406 2
   7.1503  -43.6511 2
   7.5394  -43.3717 2
   7.7865  -43.0670 2
   7.4576  -43.0037 2
   7.1610  -42.9126 2
   6.7177  -43.0110 2
   6.1630  -43.2556 2
   5.5814  -43.4699 2
   5.1508  -43.5989 2
   4.3811  -43.7054 2
   3.7261  -43.7942 2
   2.8248  -43.9024 2
  99.0000   99.0000 3
9999 9999,GPML,nolabel,none,black,byPlateId,1,0
 103 4500.0   -inf UN   0   0   0     0
  36.1315    1.5972 3
  38.9892    2.3533 2
  36.1293    1.6022 2
  36.1315    1.5972 2
  99.0000   99.0000 3
9999 9999,GPML,nolabel,none,black,byPlateId,1,0
 103 4500.0   -inf UN   0   0   0     0
  38.9892    2.3533 3
  36.1315    1.5972 2
  36.3411    1.1263 2
  36.4884    0.8512 2
  36.6231    0.6098 2
  36.7353    0.3785 2
  36.8076    0.1637 2
  36.8747   -0.1027 2
  36.9285   -0.3311 2
  36.9977   -0.6371 2
  37.0458   -0.8360 2
  37.1046   -1.1263 2
  37.1432   -1.3758 2
  37.1942   -1.7205 2
  37.2257   -2.0533 2
  37.2257   -2.0533 2
  37.2525   -2.3685 2
  37.2460   -2.6204 2
  37.2333   -2.8777 2
  37.2277   -3.2583 2
  37.1917   -3.5703 2
  37.1287   -3.8835 2
  37.0951   -4.1733 2
  37.0302   -4.6063 2
  36.9438   -5.0344 2
  36.8646   -5.2946 2
  36.7827   -5.5878 2
  36.6874   -5.8582 2
  36.5802   -6.1961 2
  36.4658   -6.5632 2
  36.3787   -6.8873 2
  36.3204   -7.0661 2
  36.0955   -7.3041 2
  36.1199   -7.6021 2
  36.1105   -7.7642 2
  36.1233   -8.0229 2
  36.1314   -8.2870 2
  36.1390   -8.5325 2
  36.1398   -8.8450 2
  36.1556   -9.2014 2
  36.2094   -9.5011 2
  36.2802   -9.9618 2
  36.3261  -10.4891 2
  36.3267  -10.9294 2
  36.2695  -11.3521 2
  36.2034  -11.6962 2
  36.1301  -11.9165 2
  36.0184  -12.2310 2
  35.9234  -12.6011 2
  35.8139  -12.9697 2
  35.7783  -13.2240 2
  35.7359  -13.5105 2
  35.6324  -13.7904 2
  35.4823  -14.1391 2
  35.3253  -14.4256 2
  35.3196  -14.7613 2
  35.4726  -15.3090 2
  35.6103  -15.6883 2
  36.1278  -16.1845 2
  36.7308  -16.5497 2
  37.1931  -16.4884 2
  37.5572  -16.2602 2
  37.8668  -16.1005 2
  38.2087  -15.9522 2
  38.4570  -15.8100 2
  38.7770  -15.6165 2
  39.0546  -15.4262 2
  39.3372  -15.2236 2
  39.6925  -14.8462 2
  39.7800  -14.4695 2
  39.6771  -13.8556 2
  39.6862  -13.2800 2
  39.7730  -12.8053 2
  39.9668  -12.3097 2
  40.1379  -11.8485 2
  40.2812  -11.4875 2
  40.4984  -10.9637 2
  40.6802  -10.5065 2
  40.7789  -10.1810 2
  40.9070   -9.8677 2
  41.0361   -9.5528 2
  41.0816   -9.1049 2
  41.1099   -8.6228 2
  41.2150   -8.0747 2
  41.3049   -7.6816 2
  41.4340   -7.3847 2
  41.7333   -7.1458 2
  42.2117   -6.9593 2
  42.8695   -6.9368 2
  43.7911   -7.2408 2
  44.6893   -7.2042 2
  45.0353   -6.7694 2
  45.2705   -6.4256 2
  45.3970   -6.1703 2
  45.4974   -5.8645 2
  45.6325   -5.4747 2
  45.7581   -5.0206 2
  45.8786   -4.6489 2
  45.9783   -4.2124 2
  46.0442   -3.7254 2
  46.0732   -3.2488 2
  46.1062   -2.8155 2
  46.0936   -2.3809 2
  46.0310   -2.0214 2
  45.8519   -1.5701 2
  45.6301   -1.0291 2
  45.4626   -0.6053 2
  45.2733   -0.2264 2
  45.0744    0.1021 2
  44.8830    0.5644 2
  44.6948    0.9845 2
  44.4147    1.5122 2
  44.0526    1.9729 2
  43.8135    2.3648 2
  43.5874    2.6716 2
  43.3665    2.9596 2
  42.8307    3.4664 2
  38.9892    2.3533 2
  99.0000   99.0000 3
9999 9999,GPML,nolabel,none,black,byPlateId,1,0
 102 4500.0   -inf UN   0   0   0     0
  29.7267    9.2312 3
  29.6125    9.1858 2
  29.5146    9.1362 2
  29.4327    9.0935 2
  29.3211    9.0256 2
  29.0283    9.0527 2
  28.7395    9.2698 2
  28.6398    9.3696 2
  28.5847    9.5249 2
  28.5375    9.6590 2
  28.4886    9.8305 2
  28.4071   10.0318 2
  28.2977   10.2212 2
  28.0820   10.5201 2
  27.9945   10.6620 2
  27.9224   10.8091 2
  27.8712   10.9306 2
  27.7988   11.1529 2
  27.7417   11.3409 2
  27.6999   11.5144 2
  27.6241   11.7052 2
  27.5299   11.9143 2
  27.4314   12.1273 2
  27.3136   12.3693 2
  27.1799   12.5898 2
  27.0175   12.8109 2
  26.6489   13.1605 2
  26.4133   13.3962 2
  25.9981   13.7175 2
  25.5468   14.0355 2
  24.8297   14.5236 2
  24.1122   14.8802 2
  23.7723   14.9261 2
  23.5740   14.9153 2
  23.4229   14.8846 2
  23.0229   14.8595 2
  22.7673   14.7915 2
  22.4263   14.7016 2
  22.1571   14.6049 2
  21.8912   14.5128 2
  21.5817   14.4077 2
  21.2935   14.3340 2
  21.0269   14.2212 2
  20.7779   14.1767 2
  20.5472   14.1443 2
  20.1461   14.0791 2
  19.8091   13.9853 2
  19.2113   13.9970 2
  18.7316   13.9613 2
  18.3728   13.8777 2
  18.0803   13.8046 2
  17.7223   13.7658 2
  17.3051   13.7040 2
  17.0950   13.5950 2
  16.9732   13.3590 2
  16.9034   13.0601 2
  16.4811   12.9534 2
  15.8494   12.9014 2
  15.4905   12.7744 2
  15.1882   12.6320 2
  14.9300   12.4921 2
  14.5518   12.2590 2
  14.2802   12.0260 2
  14.0582   11.8336 2
  13.8912   11.6221 2
  13.8455   11.4423 2
  13.7826   11.2691 2
  13.6585   10.9980 2
  13.5381   10.8011 2
  13.4237   10.5726 2
  13.1804   10.2853 2
  12.9954   10.0336 2
  12.7892    9.7953 2
  12.5782    9.6286 2
  12.2804    9.4245 2
  11.8388    9.1759 2
  11.4514    8.9227 2
  11.1818    8.7069 2
  10.7947    8.3560 2
  10.4724    8.0255 2
  10.2569    7.8035 2
  10.2514    7.5180 2
  10.1142    7.2771 2
   9.8292    7.0963 2
   9.5314    6.8932 2
   9.1749    6.6388 2
   8.7779    6.4032 2
   8.3679    6.1925 2
   7.8924    5.9268 2
   7.2740    5.6927 2
   6.5148    5.6036 2
   6.0262    5.5092 2
   5.3752    5.2909 2
   4.7521    4.9531 2
   4.4957    4.5918 2
   4.4126    4.2955 2
   4.4390    3.9073 2
   4.5746    3.5330 2
   4.9935    3.2690 2
   5.2792    2.9961 2
   5.4172    2.6589 2
   5.6662    2.3477 2
   6.0470    2.1141 2
   6.4739    1.8073 2
   6.8778    1.5321 2
   7.2977    1.5570 2
   7.7442    1.4287 2
   8.0930    1.1110 2
   8.5253    0.9187 2
   8.9751    0.8509 2
   9.5100    0.8691 2
  10.0306    0.9666 2
  10.3548    0.9330 2
   9.9954    0.6956 2
  10.0462    0.4669 2
  10.5820    0.2709 2
  11.0749    0.1625 2
  11.4366    0.0817 2
  11.9555    0.0180 2
  12.5962    0.0290 2
  13.0611    0.0982 2
  13.7401    0.2627 2
  14.3713    0.4960 2
  15.1454    0.6314 2
  15.6378    0.6968 2
  16.0822    0.9941 2
  16.6423    1.3050 2
  16.9993    1.2474 2
  17.4244    1.1609 2
  17.7612    1.0514 2
  18.1842    0.9866 2
  18.6355    0.9983 2
  19.2224    1.0846 2
  19.5883    1.0693 2
  19.8185    1.0241 2
  20.0713    0.9841 2
  20.2759    0.9164 2
  20.5629    0.8137 2
  20.7436    0.7162 2
  20.9038    0.5357 2
  20.9955    0.4286 2
  21.1428    0.2790 2
  21.3844    0.1578 2
  21.7514    0.0334 2
  22.0048   -0.1530 2
  22.1110   -0.2843 2
  22.3204   -0.4147 2
  22.5014   -0.5136 2
  22.6709   -0.6277 2
  22.9108   -0.7553 2
  23.2377   -0.8647 2
  23.4024   -0.9136 2
  23.5151   -1.0016 2
  23.5867   -1.1151 2
  23.8600   -1.1554 2
  24.1020   -1.2521 2
  24.5313   -1.3603 2
  24.8723   -0.8999 2
  25.0977   -0.5893 2
  25.3889   -0.1239 2
  25.6391    0.2575 2
  25.8299    0.6073 2
  25.9827    0.9059 2
  26.1434    1.1825 2
  26.2985    1.4649 2
  26.4640    1.7622 2
  26.5827    1.9722 2
  26.6942    2.1796 2
  26.8213    2.3967 2
  26.9482    2.6145 2
  27.0633    2.8583 2
  27.1655    3.0802 2
  27.2931    3.3371 2
  27.4052    3.5452 2
  27.5199    3.7460 2
  27.6821    4.0003 2
  27.8102    4.2332 2
  27.9187    4.4405 2
  28.0135    4.6656 2
  28.1211    4.9034 2
  28.2443    5.1759 2
  28.3551    5.3965 2
  28.4608    5.6170 2
  28.5924    5.9116 2
  28.7034    6.1422 2
  28.8449    6.3990 2
  28.9962    6.6715 2
  29.3319    6.8922 2
  29.3195    7.0746 2
  29.4176    7.1636 2
  29.4661    7.2704 2
  29.4973    7.3556 2
  29.5363    7.4492 2
  29.5623    7.5426 2
  29.6414    7.6648 2
  29.7015    7.7442 2
  29.7933    7.8483 2
  29.8948    7.9829 2
  29.9257    8.1330 2
  29.9532    8.2145 2
  30.1215    8.3739 2
  30.2945    8.5770 2
  30.4003    8.7249 2
  30.4369    8.7735 2
  30.5959    8.8537 2
  30.6638    8.9233 2
  30.7132    9.0124 2
  30.7407    9.1295 2
  30.7589    9.1952 2
  30.7569    9.2980 2
  30.4070    9.4605 2
  30.2811    9.4293 2
  30.1017    9.3889 2
  29.9030    9.3145 2
  29.7267    9.2312 2
  99.0000   99.0000 3
9999 9999,GPML,nolabel,none,black,byPlateId,1,0
 103 4500.0   -inf UN   0   0   0     0
  35.2654    3.8910 3
  35.3638    3.6078 2
  35.4614    3.2187 2
  35.5587    2.8868 2
  35.6048    2.6744 2
  35.7271    2.3839 2
  35.9039    2.0705 2
  36.0393    1.7778 2
  42.8357    3.6185 2
  42.6154    4.0221 2
  42.3097    4.4950 2
  42.0931    4.7937 2
  41.8691    5.1306 2
  41.6184    5.4994 2
  41.4514    5.7231 2
  41.2627    5.9981 2
  41.0430    6.1580 2
  40.9913    6.3691 2
  40.8675    6.7116 2
  40.6669    7.1297 2
  40.5346    7.4194 2
  40.3789    7.8070 2
  40.2167    8.0999 2
  40.0069    8.3785 2
  39.8240    8.6136 2
  39.6047    8.8585 2
  39.3616    9.1261 2
  39.1473    9.3394 2
  38.7847    9.5416 2
  38.2298    9.8105 2
  37.7767    9.8933 2
  37.4055    9.9224 2
  37.0886    9.9574 2
  36.7458   10.0860 2
  36.3581   10.1614 2
  36.1683    9.7348 2
  36.0055    9.4107 2
  35.8474    9.1064 2
  35.6280    8.7409 2
  35.3886    8.3554 2
  35.0956    7.8719 2
  34.6525    7.3322 2
  34.1672    6.8174 2
  34.2001    6.6537 2
  34.2911    6.4814 2
  34.4426    6.2457 2
  34.5550    5.8228 2
  34.6344    5.5371 2
  34.7098    5.2518 2
  34.8069    4.9398 2
  34.9699    4.5648 2
  35.0975    4.2933 2
  35.1803    4.1115 2
  35.2654    3.8910 2
  99.0000   99.0000 3
