9999 9999,GPML,nolabel,none,black,byPlateId,1,0
 101 4500.0   -inf UN   0   0   0     0
  -6.4381  -25.8765 3
  -6.5717  -25.7798 2
  -6.7661  -25.5718 2
  -6.9824  -25.3055 2
  -7.1318  -25.0843 2
  -7.2599  -24.9117 2
  -7.3395  -24.7797 2
  -7.4391  -24.5396 2
  -7.5545  -24.2719 2
  -7.7006  -23.9714 2
  -7.7991  -23.7679 2
  -7.8694  -23.6264 2
  -7.9498  -23.4628 2
  -8.0337  -23.2801 2
  -8.1252  -23.0925 2
  -8.2200  -22.9335 2
  -8.3484  -22.7315 2
  -8.4602  -22.5439 2
  -8.5482  -22.4165 2
  -8.6464  -22.2808 2
  -8.7466  -22.1071 2
  -8.8375  -21.9699 2
  -8.9231  -21.8329 2
  -9.0406  -21.6245 2
  -9.1959  -21.3768 2
  -9.3555  -21.1145 2
  -9.4542  -20.8985 2
  -9.5790  -20.6974 2
  -9.7027  -20.4863 2
  -9.7880  -20.3115 2
  -9.8784  -20.1084 2
  -9.9846  -19.8580 2
 -10.1036  -19.6083 2
 -10.2286  -19.3151 2
 -10.3666  -18.9839 2
 -10.4649  -18.7253 2
 -10.5530  -18.4744 2
 -10.6542  -18.2356 2
 -10.7524  -17.9699 2
 -10.8835  -17.7014 2
 -10.9840  -17.4735 2
 -10.9465  -17.2195 2
 -11.2910  -17.0272 2
 -11.6761  -16.8459 2
 -11.9783  -16.6665 2
 -12.3141  -16.4172 2
 -12.6056  -16.1491 2
 -12.8800  -15.8503 2
 -13.0738  -15.5990 2
 -13.2350  -15.4036 2
 -13.3362  -15.2675 2
 -13.4572  -15.0899 2
 -13.7045  -14.7655 2
 -13.8802  -14.5568 2
 -14.2228  -14.2083 2
 -14.5770  -13.9289 2
 -15.0645  -13.6593 2
 -15.6428  -13.4866 2
 -15.8503  -13.2476 2
 -16.5109  -13.1977 2
 -16.8911  -12.9216 2
 -17.0453  -12.7032 2
 -17.2219  -12.4847 2
 -17.3751  -12.2819 2
 -17.7318  -11.9894 2
 -18.4367  -11.7943 2
 -18.9993  -11.8071 2
 -19.5553  -11.7826 2
 -20.1174  -11.8110 2
 -20.7927  -11.9057 2
 -21.2392  -12.0612 2
 -21.6843  -12.1629 2
 -22.3593  -12.2524 2
 -22.7241  -12.4707 2
 -23.2122  -12.6604 2
 -23.9258  -12.5735 2
 -24.3984  -12.1774 2
 -24.6274  -11.8174 2
 -24.8324  -11.4956 2
 -25.0997  -11.2199 2
 -25.4817  -10.8171 2
 -25.9449  -10.4745 2
 -26.3957  -10.2297 2
 -26.8095   -9.9792 2
 -27.2486   -9.7310 2
 -27.6376   -9.4941 2
 -28.0825   -9.1672 2
 -28.4597   -8.7554 2
 -28.7971   -8.2543 2
 -28.9843   -7.8210 2
 -29.0455   -7.5098 2
 -29.0909   -6.9547 2
 -29.1182   -6.5299 2
 -29.1645   -6.1132 2
 -29.3179   -5.5718 2
 -29.6367   -4.9858 2
 -29.9084   -4.5934 2
 -30.2411   -4.0940 2
 -30.6716   -3.4797 2
 -31.0926   -2.8529 2
 -31.5678   -2.2630 2
 -32.2091   -1.8584 2
 -32.3764   -2.2053 2
 -32.5218   -2.4501 2
 -32.7156   -2.7276 2
 -32.9013   -2.9844 2
 -33.1384   -3.3178 2
 -33.4485   -3.7947 2
 -33.9410   -4.1191 2
 -34.4249   -4.4626 2
 -34.9304   -4.8220 2
 -35.2640   -5.1631 2
 -35.5662   -5.5872 2
 -35.8362   -6.0272 2
 -36.1068   -6.3838 2
 -36.3990   -6.7504 2
 -36.6602   -7.1876 2
 -36.8605   -7.5565 2
 -36.9832   -7.8622 2
 -37.0752   -8.2267 2
 -37.1772   -8.7058 2
 -37.2598   -9.3476 2
 -37.3193   -9.8218 2
 -37.4896  -10.4605 2
 -37.5905  -11.1018 2
 -37.6866  -11.5926 2
 -37.9500  -12.2805 2
 -38.5445  -13.2137 2
 -38.9975  -13.8353 2
 -39.3796  -14.5198 2
 -39.8473  -15.3276 2
 -40.1100  -15.8563 2
 -40.4542  -16.4529 2
 -40.9309  -16.9160 2
 -41.5349  -17.4504 2
 -42.0318  -17.7814 2
 -42.6334  -18.4357 2
 -43.2182  -19.1938 2
 -43.8427  -19.5339 2
 -44.0721  -20.0403 2
 -44.1122  -20.4883 2
 -44.2583  -21.2529 2
 -44.4185  -22.2260 2
 -44.5857  -23.0012 2
 -44.7851  -23.6366 2
 -45.0014  -24.2817 2
 -45.2792  -25.0939 2
 -45.8384  -26.2441 2
 -46.1485  -26.9798 2
 -46.4500  -27.6346 2
 -46.7642  -28.3103 2
 -47.0056  -28.8201 2
 -47.3110  -29.2589 2
 -47.6105  -29.9895 2
 -47.9202  -30.9257 2
 -48.1772  -31.8930 2
 -48.3442  -32.6388 2
 -48.5319  -33.5801 2
 -48.6757  -34.5423 2
 -48.7956  -35.5219 2
 -48.7682  -36.5668 2
 -48.7593  -37.4292 2
 -48.6955  -38.3864 2
 -48.5977  -39.4564 2
 -48.4339  -40.5104 2
 -48.2732  -41.5416 2
 -48.0290  -42.6174 2
 -47.7059  -43.6160 2
 -47.3758  -44.5370 2
 -47.1210  -45.6757 2
 -46.6672  -46.3524 2
 -46.3573  -46.9051 2
 -46.0925  -47.2711 2
 -45.8438  -47.7618 2
 -45.6455  -48.2412 2
 -45.4652  -48.9718 2
 -45.3068  -49.7739 2
 -45.2948  -50.6496 2
 -45.3021  -51.6747 2
 -45.2675  -52.8818 2
 -45.1553  -53.9320 2
 -44.9166  -55.0966 2
 -44.5847  -56.1960 2
 -44.4521  -56.8555 2
 -44.8323  -57.5618 2
 -45.3045  -58.0183 2
 -45.7005  -58.3936 2
 -46.0228  -58.8999 2
 -45.4764  -59.6102 2
 -45.0993  -60.1142 2
 -44.4865  -60.6114 2
 -43.9048  -61.0405 2
 -43.2634  -61.1130 2
 -42.3920  -60.2471 2
 -41.7328  -59.5019 2
 -40.7649  -57.9566 2
 -40.1168  -57.1886 2
 -39.5524  -56.8579 2
 -38.9841  -56.7815 2
 -38.4122  -57.0642 2
 -37.9094  -57.2206 2
 -37.4771  -57.2259 2
 -37.1321  -57.2019 2
 -36.7749  -56.8470 2
 -36.3081  -56.1484 2
 -35.9603  -55.4011 2
 -35.8096  -54.6309 2
 -35.7560  -53.8473 2
 -35.5380  -52.9242 2
 -35.2335  -52.1748 2
 -34.8875  -51.6765 2
 -34.2971  -51.0061 2
 -33.5983  -50.2931 2
 -32.7222  -49.5372 2
 -31.9825  -49.0545 2
 -31.1164  -48.5506 2
 -30.2161  -48.0974 2
 -29.4555  -47.8690 2
 -28.7035  -47.7324 2
 -28.0196  -47.6304 2
 -27.5467  -47.5208 2
 -26.9672  -47.3166 2
 -26.3774  -47.0353 2
 -25.8909  -46.7257 2
 -25.1095  -46.2923 2
 -24.2945  -46.0341 2
 -23.5226  -45.6600 2
 -22.9043  -45.4254 2
 -22.3683  -45.1534 2
 -21.8619  -44.8837 2
 -21.3365  -44.5935 2
 -20.6819  -44.1816 2
 -20.2711  -43.9040 2
 -19.7535  -43.6882 2
 -19.2033  -43.5799 2
 -18.8346  -43.5590 2
 -18.3295  -43.4966 2
 -17.7711  -43.4476 2
 -17.2497  -43.4296 2
 -16.5716  -43.3958 2
 -16.0617  -43.3446 2
 -15.5297  -43.2831 2
 -14.8700  -43.0645 2
 -14.2744  -42.7718 2
 -13.7625  -42.4563 2
 -13.2899  -42.0879 2
 -12.9569  -41.8399 2
 -12.6178  -41.6536 2
 -12.1489  -41.3419 2
 -11.6353  -41.0216 2
 -11.2436  -40.8505 2
 -10.8478  -40.4760 2
 -10.7148  -39.8143 2
 -10.3482  -39.0273 2
  -9.7486  -38.2568 2
  -9.1341  -37.6641 2
  -8.6250  -37.3005 2
  -8.3327  -37.2002 2
  -7.9675  -37.0955 2
  -7.5176  -37.0439 2
  -6.9577  -36.9613 2
  -6.3755  -36.9224 2
  -5.8452  -36.9490 2
  -5.4805  -36.9970 2
  -5.2196  -37.0350 2
  -4.9619  -36.9243 2
  -4.7539  -36.7139 2
  -4.4977  -36.4635 2
  -4.0672  -35.9945 2
  -3.6570  -35.4719 2
  -3.5193  -34.9031 2
  -3.2645  -34.5381 2
  -3.0130  -34.4393 2
  -2.6785  -34.2976 2
  -2.4625  -33.6784 2
  -2.4703  -33.3508 2
  -2.5788  -32.8767 2
  -2.7313  -32.4567 2
  -2.8355  -32.2012 2
  -2.9564  -31.9365 2
  -3.0513  -31.7164 2
  -3.1637  -31.4996 2
  -3.2477  -31.2245 2
  -3.3378  -30.8386 2
  -3.4019  -30.5879 2
  -3.4449  -30.2603 2
  -3.4192  -29.7675 2
  -3.2006  -29.1555 2
  -2.9094  -28.7990 2
  -2.6330  -28.5345 2
  -2.2651  -27.9588 2
  -2.0402  -27.3719 2
  -1.9835  -27.0491 2
  -1.9900  -26.8230 2
  -2.2605  -26.9181 2
  -2.5452  -26.9052 2
  -2.7817  -26.8966 2
  -2.9797  -26.8628 2
  -3.1678  -26.7993 2
  -3.3991  -26.7318 2
  -3.5584  -26.6870 2
  -3.7050  -26.6369 2
  -3.9270  -26.5546 2
  -4.0920  -26.4868 2
  -4.2377  -26.4329 2
  -4.3672  -26.3898 2
  -4.5131  -26.3476 2
  -4.7097  -26.3181 2
  -5.0019  -26.2664 2
  -5.2756  -26.2246 2
  -5.6066  -26.1820 2
  -5.7773  -26.1364 2
  -5.9747  -26.0792 2
  -6.2337  -25.9828 2
  -6.4381  -25.8765 2
  99.0000   99.0000 3
9999 9999,GPML,nolabel,none,black,byPlateId,1,0
 108  200.0   -inf UN   0   0   0     0
 -38.5668   -3.9513 3
 -38.7475   -4.5005 2
 -38.8521   -5.0702 2
 -39.0351   -5.5935 2
 -39.2036   -6.1399 2
 -39.3469   -6.7532 2
 -39.5293   -7.3244 2
 -39.7194   -7.9873 2
 -40.0834   -8.6673 2
 -40.5099   -9.3307 2
 -40.9163   -9.9925 2
 -41.2351  -10.4749 2
 -41.4978  -10.9723 2
 -41.6926  -11.8904 2
 -41.8285  -12.6290 2
 -42.0444  -13.3770 2
 -42.6763  -14.5351 2
 -43.0742  -15.4298 2
 -43.2739  -16.0580 2
 -43.4816  -16.7535 2
 -43.7460  -17.5237 2
 -43.9664  -18.6684 2
 -43.8427  -19.5339 2
 -43.2182  -19.1938 2
 -42.6334  -18.4357 2
 -42.0318  -17.7814 2
 -41.5349  -17.4504 2
 -40.9309  -16.9160 2
 -40.4542  -16.4529 2
 -40.1100  -15.8563 2
 -39.8473  -15.3276 2
 -39.3796  -14.5198 2
 -38.9975  -13.8353 2
 -38.5445  -13.2137 2
 -37.9500  -12.2805 2
 -37.6866  -11.5926 2
 -37.5905  -11.1018 2
 -37.4896  -10.4605 2
 -37.3193   -9.8218 2
 -37.2598   -9.3476 2
 -37.1772   -8.7058 2
 -37.0752   -8.2267 2
 -36.9832   -7.8622 2
 -36.8605   -7.5565 2
 -36.6602   -7.1876 2
 -36.3990   -6.7504 2
 -36.1068   -6.3838 2
 -35.8362   -6.0272 2
 -35.5662   -5.5872 2
 -35.2640   -5.1631 2
 -34.9304   -4.8220 2
 -34.4249   -4.4626 2
 -33.9410   -4.1191 2
 -33.4485   -3.7947 2
 -33.1384   -3.3178 2
 -32.9013   -2.9844 2
 -32.7156   -2.7276 2
 -32.5218   -2.4501 2
 -32.3764   -2.2053 2
 -32.2091   -1.8584 2
 -32.6810   -1.5390 2
 -33.2690   -1.1845 2
 -33.9757   -0.5591 2
 -34.4461   -0.0237 2
 -34.8333   -0.2930 2
 -35.3604   -0.6169 2
 -35.9440   -1.0813 2
 -36.5152   -1.4481 2
 -36.9777   -1.7674 2
 -37.5440   -2.3025 2
 -37.8738   -2.7114 2
 -38.1392   -3.0890 2
 -38.3526   -3.4690 2
 -38.5668   -3.9513 2
  99.0000   99.0000 3
9999 9999,GPML,nolabel,none,black,byPlateId,1,0
 109  200.0   -inf UN   0   0   0     0
 -60.5571  -12.9915 3
 -61.2755  -13.8011 2
 -61.9464  -14.4016 2
 -62.5813  -14.9384 2
 -63.1391  -15.3959 2
 -63.6346  -15.8914 2
 -64.2699  -16.8272 2
 -64.6621  -17.8471 2
 -65.0011  -19.5625 2
 -64.9474  -21.4524 2
 -64.5767  -23.3066 2
 -64.1156  -24.4084 2
 -63.7339  -25.3701 2
 -63.1608  -25.3274 2
 -62.7339  -25.0906 2
 -62.2669  -24.7453 2
 -61.8816  -24.3756 2
 -61.2948  -23.8517 2
 -60.3941  -23.3144 2
 -59.6112  -23.1249 2
 -59.0196  -23.1055 2
 -58.4220  -23.2958 2
 -57.8664  -23.8326 2
 -57.5279  -24.5103 2
 -57.4151  -25.0596 2
 -56.9963  -25.2745 2
 -56.3927  -25.4409 2
 -55.9262  -25.5251 2
 -55.4881  -25.8106 2
 -55.1211  -26.0767 2
 -54.5395  -26.6586 2
 -53.9148  -27.2192 2
 -54.2655  -25.9669 2
 -54.6701  -24.9757 2
 -55.0721  -23.8884 2
 -55.3998  -22.6893 2
 -55.6385  -21.5197 2
 -55.8795  -20.3192 2
 -56.0533  -19.0825 2
 -56.1828  -17.9681 2
 -56.2492  -16.9526 2
 -56.3434  -15.7225 2
 -56.2842  -14.5425 2
 -56.1976  -13.3792 2
 -56.0634  -12.2341 2
 -55.9371  -11.3249 2
 -55.7305  -10.1418 2
 -55.4671   -8.9912 2
 -55.2019   -8.0889 2
 -54.9167   -7.5342 2
 -54.6977   -6.9044 2
 -54.4120   -6.0728 2
 -54.1367   -5.2699 2
 -53.8545   -4.3735 2
 -53.3356   -2.9717 2
 -53.0838   -1.9952 2
 -52.8866   -1.2218 2
 -52.7049   -0.4625 2
 -52.5576    0.4577 2
 -52.4198    1.6085 2
 -52.2893    2.5127 2
 -52.2576    3.0401 2
 -52.8807    2.6784 2
 -53.9058    2.2880 2
 -54.4295    1.4406 2
 -54.7801    0.9004 2
 -55.4834    0.0044 2
 -55.9508   -0.5310 2
 -56.3272   -0.9402 2
 -56.8686   -1.3845 2
 -57.2703   -2.0307 2
 -57.6225   -2.7229 2
 -57.9164   -3.5092 2
 -58.2336   -4.7926 2
 -58.5276   -6.1018 2
 -58.7207   -7.0826 2
 -58.8877   -7.9600 2
 -59.0547   -8.8588 2
 -59.2824   -9.9430 2
 -59.5688  -10.9788 2
 -59.9227  -11.8798 2
 -60.5571  -12.9915 2
  99.0000   99.0000 3
9999 9999,GPML,nolabel,none,black,byPlateId,1,0
 106 4500.0   -inf UN   0   0   0     0
  -2.6859  -11.8569 3
  -2.8761  -11.7008 2
  -2.9426  -11.4776 2
  -2.9877  -11.2965 2
  -3.0584  -11.0844 2
  -3.1235  -10.8805 2
  -3.2087  -10.5721 2
  -3.2761  -10.3413 2
  -3.3276  -10.1278 2
  -3.3536  -10.0029 2
  -3.3797   -9.8780 2
  -3.3699   -9.7403 2
  -3.3693   -9.6505 2
  -3.2781   -9.6096 2
  -3.4011   -9.5345 2
  -3.3840   -9.4379 2
  -3.3657   -9.3137 2
  -3.3404   -9.1169 2
  -3.3468   -8.9744 2
  -3.3471   -8.8603 2
  -3.3312   -8.7938 2
  -3.2958   -8.6703 2
  -3.2643   -8.6211 2
  -3.2177   -8.5477 2
  -3.4104   -8.3815 2
  -3.7872   -8.4704 2
  -4.0000   -8.6567 2
  -4.1991   -8.8333 2
  -4.3622   -8.9970 2
  -4.5603   -9.2100 2
  -4.7152   -9.3680 2
  -4.8747   -9.5252 2
  -5.0582   -9.7239 2
  -5.2182   -9.8979 2
  -5.3624  -10.0651 2
  -5.5155  -10.2139 2
  -5.6931  -10.3800 2
  -5.9083  -10.5564 2
  -6.0651  -10.6998 2
  -6.2207  -10.8506 2
  -6.4021  -11.0403 2
  -6.5507  -11.2068 2
  -6.7164  -11.3897 2
  -6.8874  -11.5476 2
  -7.0582  -11.7055 2
  -7.2115  -11.8593 2
  -7.3721  -12.0143 2
  -7.5965  -12.2352 2
  -7.8071  -12.4465 2
  -8.0215  -12.6524 2
  -8.2323  -12.8807 2
  -8.4900  -13.1467 2
  -8.8112  -13.4290 2
  -9.1884  -13.7795 2
  -9.4695  -14.0083 2
  -9.8921  -14.3488 2
 -10.2118  -14.6314 2
 -10.5912  -14.8927 2
 -10.9052  -15.1427 2
 -11.2879  -15.4840 2
 -11.7251  -15.8629 2
 -12.2254  -16.2605 2
 -12.6357  -16.5998 2
 -12.4839  -16.8396 2
 -12.3349  -17.0521 2
 -12.1960  -17.2795 2
 -12.0455  -17.5120 2
 -11.8409  -17.8072 2
 -11.6570  -18.0678 2
 -11.4882  -18.2870 2
 -11.3316  -18.5095 2
 -11.2004  -18.6891 2
 -11.0802  -18.8420 2
 -10.9148  -19.0221 2
 -10.7504  -19.1921 2
 -10.6084  -19.3824 2
 -10.3971  -19.6048 2
 -10.1930  -19.8139 2
 -10.0341  -19.9925 2
  -9.9215  -20.1082 2
  -9.8037  -20.2228 2
  -9.6691  -20.3713 2
  -9.5445  -20.4829 2
  -9.4315  -20.5886 2
  -9.2827  -20.7481 2
  -9.1144  -20.9181 2
  -8.9882  -21.0532 2
  -8.8591  -21.2170 2
  -8.7384  -21.3778 2
  -8.6252  -21.5205 2
  -8.5265  -21.6438 2
  -8.3872  -21.8216 2
  -8.1808  -22.0841 2
  -8.0113  -22.3211 2
  -7.8632  -22.5345 2
  -7.7574  -22.6464 2
  -7.5957  -22.7875 2
  -7.4028  -22.9717 2
  -7.1351  -23.1855 2
  -6.9010  -23.3470 2
  -6.7501  -23.4129 2
  -6.5278  -23.4729 2
  -6.2544  -23.5115 2
  -6.0493  -23.5252 2
  -5.8729  -23.5332 2
  -5.5405  -23.5040 2
  -5.2642  -23.4863 2
  -4.9677  -23.4744 2
  -4.7694  -23.4612 2
  -4.6179  -23.4714 2
  -4.4822  -23.4859 2
  -4.3283  -23.5075 2
  -4.1527  -23.5386 2
  -3.9184  -23.5718 2
  -3.7645  -23.5894 2
  -3.5994  -23.5994 2
  -3.3590  -23.6161 2
  -3.1618  -23.6382 2
  -2.9611  -23.6291 2
  -2.7281  -23.5873 2
  -2.4472  -23.5394 2
  -2.2031  -23.3890 2
  -2.1988  -22.9415 2
  -2.2553  -22.5953 2
  -2.3235  -22.1764 2
  -2.3578  -21.9242 2
  -2.4139  -21.5853 2
  -2.4775  -21.2205 2
  -2.5356  -21.0021 2
  -2.6176  -20.7444 2
  -2.6572  -20.5937 2
  -2.7503  -20.3017 2
  -2.8468  -20.0654 2
  -2.9301  -19.8667 2
  -2.9973  -19.7355 2
  -3.0932  -19.5433 2
  -3.1608  -19.4095 2
  -3.2722  -19.2478 2
  -3.1276  -18.7925 2
  -2.9831  -18.3872 2
  -3.0874  -18.1599 2
  -3.2000  -17.9491 2
  -3.2732  -17.7029 2
  -3.3195  -17.5301 2
  -3.3504  -17.3949 2
  -3.3699  -17.1695 2
  -3.4236  -17.0348 2
  -3.4751  -16.9053 2
  -3.4973  -16.7780 2
  -3.5213  -16.6034 2
  -3.5582  -16.4081 2
  -3.5927  -16.2320 2
  -3.6435  -16.1177 2
  -3.6790  -16.0406 2
  -3.6742  -15.8939 2
  -3.6512  -15.7608 2
  -3.4664  -15.4488 2
  -3.3254  -15.1772 2
  -3.2860  -15.0120 2
  -3.2405  -14.8099 2
  -3.0168  -14.5195 2
  -3.0773  -14.4912 2
  -3.0875  -14.4129 2
  -3.0227  -14.2057 2
  -2.9648  -13.9997 2
  -2.9444  -13.8832 2
  -2.9298  -13.7176 2
  -2.9333  -13.5320 2
  -2.9390  -13.3316 2
  -2.9281  -13.2014 2
  -2.9028  -13.0568 2
  -2.7275  -12.7180 2
  -2.7650  -12.6632 2
  -2.7693  -12.5901 2
  -2.7618  -12.5362 2
  -2.7343  -12.4514 2
  -2.7213  -12.3479 2
  -2.7183  -12.2667 2
  -2.7101  -12.2014 2
  -2.7018  -12.0922 2
  -2.7019  -12.0355 2
  -2.7002  -11.9489 2
  -2.6859  -11.8569 2
  99.0000   99.0000 3
9999 9999,GPML,nolabel,none,black,byPlateId,1,0
 132 4500.0   -inf UN   0   0   0     0
 -29.8904  -60.5666 3
 -30.3964  -61.0853 2
 -29.9420  -61.3464 2
 -29.1822  -61.1728 2
 -28.4036  -60.9320 2
 -27.9347  -61.0414 2
 -27.5175  -61.2853 2
 -27.2954  -60.7168 2
 -26.9991  -60.1096 2
 -26.5554  -59.3851 2
 -26.2003  -58.7683 2
 -25.9863  -58.2739 2
 -25.7498  -57.7660 2
 -25.4025  -57.0411 2
 -25.1293  -56.6148 2
 -24.8450  -56.0267 2
 -24.6363  -55.3655 2
 -24.2950  -54.7088 2
 -24.0049  -54.1562 2
 -23.7243  -53.6480 2
 -23.4814  -53.1722 2
 -23.2001  -52.6898 2
 -22.9245  -52.1564 2
 -22.5986  -51.4528 2
 -22.3154  -50.9972 2
 -22.6291  -50.8005 2
 -23.0744  -50.5712 2
 -23.6256  -50.2977 2
 -23.8218  -50.9904 2
 -24.4125  -51.4874 2
 -25.1524  -51.4373 2
 -25.9159  -51.2553 2
 -26.4384  -51.3610 2
 -27.0636  -52.1905 2
 -27.3293  -52.6671 2
 -27.5185  -53.2691 2
 -27.6408  -53.7958 2
 -27.8300  -54.4197 2
 -28.2271  -55.2568 2
 -28.3345  -56.1185 2
 -28.1767  -56.9224 2
 -28.4199  -57.6906 2
 -28.7752  -58.4225 2
 -28.9730  -58.9046 2
 -29.2918  -59.5302 2
 -29.5784  -60.1123 2
 -29.8904  -60.5666 2
  99.0000   99.0000 3
9999 9999,GPML,nolabel,none,black,byPlateId,1,0
 133 4500.0   -inf UN   0   0   0     0
 -34.2624  -60.5461 3
 -33.9535  -60.8334 2
 -33.4943  -61.1342 2
 -32.9779  -61.4294 2
 -32.0112  -61.8132 2
 -31.2022  -61.4683 2
 -30.5798  -61.3279 2
 -29.8585  -61.3865 2
 -29.0934  -61.5312 2
 -28.6213  -60.9785 2
 -28.3387  -60.5051 2
 -28.0896  -59.9077 2
 -27.8114  -59.2645 2
 -27.6448  -58.7726 2
 -27.3371  -58.0210 2
 -27.1438  -57.2423 2
 -27.3529  -56.4610 2
 -27.3015  -55.6002 2
 -26.9598  -54.7394 2
 -26.8116  -54.1063 2
 -26.7241  -53.5748 2
 -26.5748  -52.9629 2
 -26.3410  -52.4689 2
 -25.7720  -51.5954 2
 -25.2578  -51.4481 2
 -24.4844  -51.5672 2
 -23.7432  -51.5582 2
 -23.1868  -51.0184 2
 -23.0367  -50.3153 2
 -23.3691  -49.9072 2
 -23.5302  -49.6549 2
 -24.0001  -49.9884 2
 -24.5747  -50.3005 2
 -25.1428  -50.5367 2
 -25.6094  -50.6737 2
 -26.2871  -50.8169 2
 -27.0309  -50.9987 2
 -27.7788  -51.2710 2
 -28.6550  -51.7719 2
 -29.4948  -52.3199 2
 -30.2095  -52.8388 2
 -31.0475  -53.6320 2
 -31.7109  -54.3708 2
 -32.2687  -55.0605 2
 -32.5907  -55.5664 2
 -32.8600  -56.3121 2
 -33.0355  -57.2192 2
 -33.0538  -57.9799 2
 -33.1701  -58.7337 2
 -33.4847  -59.4774 2
 -33.9208  -60.1811 2
 -34.2624  -60.5461 2
  99.0000   99.0000 3
9999 9999,GPML,nolabel,none,black,byPlateId,1,0
 124 4500.0   -inf UN   0   0   0     0
  -2.3347  -37.7470 3
  -2.7370  -38.2397 2
  -2.9781  -38.5041 2
  -3.1735  -38.7260 2
  -3.4243  -38.8513 2
  -3.6870  -38.8287 2
  -4.0539  -38.8023 2
  -4.5847  -38.8070 2
  -5.1637  -38.8798 2
  -5.7179  -38.9950 2
  -6.1640  -39.0728 2
  -6.5225  -39.1984 2
  -6.8085  -39.3154 2
  -7.2957  -39.7067 2
  -7.8751  -40.3317 2
  -8.4297  -41.1319 2
  -8.7511  -41.9345 2
  -8.8467  -42.5989 2
  -9.2209  -42.9933 2
  -9.6025  -43.1855 2
 -10.0976  -43.5327 2
 -10.5484  -43.8686 2
 -10.8767  -44.0728 2
 -11.1956  -44.3376 2
 -11.6472  -44.7296 2
 -12.1411  -45.0713 2
 -12.7199  -45.3952 2
 -13.3668  -45.6493 2
 -13.8946  -45.7408 2
 -14.4009  -45.8210 2
 -15.0761  -45.8939 2
 -15.5957  -45.9422 2
 -16.1505  -46.0234 2
 -16.6515  -46.1148 2
 -17.0185  -46.1573 2
 -17.5620  -46.2968 2
 -18.0672  -46.5404 2
 -18.4625  -46.8384 2
 -19.0942  -47.2832 2
 -19.6035  -47.6004 2
 -20.0949  -47.8961 2
 -20.6158  -48.1960 2
 -21.2208  -48.4639 2
 -21.9720  -48.8784 2
 -22.7724  -49.1818 2
 -23.5302  -49.6549 2
 -23.3691  -49.9072 2
 -23.0367  -50.3153 2
 -22.4689  -50.5440 2
 -22.0096  -50.7372 2
 -21.6838  -50.9084 2
 -21.0509  -51.0893 2
 -20.6688  -51.3755 2
 -20.3612  -51.5663 2
 -19.9744  -51.8218 2
 -19.6358  -52.0266 2
 -19.2442  -52.1175 2
 -18.7283  -52.0556 2
 -18.3687  -51.9090 2
 -17.9836  -51.5349 2
 -17.6584  -50.7814 2
 -17.1839  -50.0351 2
 -16.8951  -49.6248 2
 -16.6317  -49.2834 2
 -16.3408  -48.8698 2
 -15.9241  -48.3906 2
 -15.3909  -47.9710 2
 -14.7835  -47.6045 2
 -14.3043  -47.4514 2
 -13.7068  -47.2286 2
 -13.2537  -46.9053 2
 -12.9636  -46.5790 2
 -12.5390  -46.1322 2
 -12.0667  -45.8355 2
 -11.5131  -45.4283 2
 -11.0014  -45.1000 2
 -10.5781  -44.8807 2
 -10.0633  -44.5668 2
  -9.7229  -44.3316 2
  -9.2235  -44.0487 2
  -8.9725  -44.0435 2
  -8.5585  -43.5807 2
  -7.9196  -43.1758 2
  -7.3268  -42.8202 2
  -6.8170  -42.5433 2
  -6.4111  -42.3444 2
  -6.0434  -42.1373 2
  -5.4975  -42.0079 2
  -4.9724  -41.8473 2
  -4.3128  -41.6877 2
  -3.7227  -41.3854 2
  -3.3710  -41.5146 2
  -2.7915  -41.1087 2
  -2.4124  -41.0003 2
  -2.1205  -40.8829 2
  -1.7150  -40.7651 2
  -1.2999  -40.5967 2
  -0.7033  -40.4349 2
  -0.2610  -40.2903 2
   0.0053  -40.2263 2
   0.3713  -40.1081 2
   0.7629  -40.0061 2
   1.1580  -39.9100 2
   1.5487  -39.8417 2
   1.9031  -39.6397 2
   1.7984  -39.2588 2
   1.5560  -38.8681 2
   1.2543  -38.8915 2
   0.8532  -38.6673 2
   0.6030  -38.4627 2
   0.3624  -38.2599 2
   0.1028  -38.0195 2
  -0.0938  -37.8311 2
  -0.3307  -37.5582 2
  -0.5646  -37.3193 2
  -0.8706  -37.0513 2
  -1.0920  -36.6426 2
  -1.0489  -35.9730 2
  -1.3744  -36.1342 2
  -1.6195  -36.2477 2
  -1.8522  -36.6267 2
  -1.9560  -37.2019 2
  -2.3347  -37.7470 2
  99.0000   99.0000 3
9999 9999,GPML,nolabel,none,black,byPlateId,1,0
 131 4500.0   -inf UN   0   0   0     0
 -29.9017  -60.4221 3
 -30.1391  -60.9969 2
 -29.5512  -61.3299 2
 -29.0602  -61.7556 2
 -28.7906  -62.5237 2
 -28.4444  -61.9042 2
 -27.9355  -61.3308 2
 -27.2903  -60.8842 2
 -26.7312  -60.5865 2
 -26.0142  -60.3057 2
 -25.2633  -59.8905 2
 -24.6596  -59.5049 2
 -24.0447  -59.2782 2
 -23.6050  -59.4540 2
 -23.0791  -59.6008 2
 -22.5248  -59.3758 2
 -22.5215  -58.6774 2
 -22.6702  -58.0567 2
 -22.8208  -57.5642 2
 -23.0373  -56.8425 2
 -23.3162  -56.0157 2
 -23.5094  -55.4998 2
 -23.6752  -55.0426 2
 -23.8934  -54.6277 2
 -24.1128  -54.1743 2
 -24.3471  -53.6152 2
 -24.4492  -52.9755 2
 -24.3794  -52.3459 2
 -23.9976  -51.7790 2
 -23.6610  -51.2873 2
 -24.0121  -50.9516 2
 -24.6230  -50.6928 2
 -24.9217  -51.1446 2
 -25.2713  -51.8473 2
 -25.5647  -52.3792 2
 -25.8618  -52.8592 2
 -26.1202  -53.3342 2
 -26.4171  -53.8410 2
 -26.7248  -54.3930 2
 -27.0867  -55.0496 2
 -27.3159  -55.7163 2
 -27.6181  -56.3058 2
 -27.9041  -56.7310 2
 -28.2729  -57.4587 2
 -28.5242  -57.9691 2
 -28.7524  -58.4668 2
 -29.1250  -59.0850 2
 -29.5888  -59.8107 2
 -29.9017  -60.4221 2
  99.0000   99.0000 3
9999 9999,GPML,nolabel,none,black,byPlateId,1,0
 105 4500.0   -inf UN   0   0   0     0
 -37.0338  -70.4239 3
 -36.5591  -70.6863 2
 -35.9302  -70.7914 2
 -35.3505  -70.2431 2
 -34.9256  -70.0135 2
 -34.2282  -69.3561 2
 -33.8166  -68.9171 2
 -33.6438  -68.2984 2
 -33.2139  -67.7433 2
 -32.6703  -67.1900 2
 -32.1178  -67.0430 2
 -31.5356  -66.6675 2
 -31.0710  -66.2883 2
 -30.6796  -65.9461 2
 -30.2683  -65.2960 2
 -30.4127  -64.6756 2
 -30.0882  -64.0891 2
 -29.6494  -63.4038 2
 -29.0969  -62.5903 2
 -28.5587  -61.8201 2
 -28.2183  -61.3160 2
 -27.6888  -60.8347 2
 -27.0520  -60.3793 2
 -26.5275  -60.2527 2
 -26.1266  -60.2410 2
 -25.7353  -60.2461 2
 -24.9857  -60.1547 2
 -24.5207  -59.4871 2
 -24.1723  -59.0274 2
 -23.8184  -58.6457 2
 -23.4605  -58.4540 2
 -22.9852  -57.8896 2
 -22.4782  -57.3798 2
 -22.1721  -56.6336 2
 -22.6838  -56.8460 2
 -23.2235  -57.2345 2
 -23.6006  -57.4666 2
 -24.1548  -57.7795 2
 -25.0782  -58.3978 2
 -25.7629  -58.7504 2
 -26.2394  -58.9029 2
 -26.6029  -58.9805 2
 -27.2905  -59.0550 2
 -27.7921  -59.0875 2
 -28.2180  -59.2906 2
 -28.8558  -59.7700 2
 -29.5486  -60.3563 2
 -30.0652  -60.7936 2
 -30.5036  -61.3175 2
 -30.6883  -61.7168 2
 -31.0156  -62.1221 2
 -31.5643  -62.7158 2
 -31.9150  -63.1641 2
 -32.2840  -63.5431 2
 -32.8587  -64.1522 2
 -33.4722  -64.7500 2
 -33.8042  -65.4738 2
 -34.4189  -65.8841 2
 -34.9593  -66.3757 2
 -35.5483  -67.1997 2
 -36.1006  -67.9372 2
 -36.5646  -68.3851 2
 -36.8991  -68.7528 2
 -37.2046  -69.0455 2
 -37.5179  -69.3417 2
 -37.3879  -69.9244 2
 -37.0338  -70.4239 2
  99.0000   99.0000 3
9999 9999,GPML,nolabel,none,black,byPlateId,1,0
 134 4500.0   -inf UN   0   0   0     0
 -36.3907  -57.8609 3
 -36.8362  -57.5198 2
 -37.1321  -57.2019 2
 -37.4771  -57.2259 2
 -37.9094  -57.2206 2
 -38.4122  -57.0642 2
 -38.9841  -56.7815 2
 -39.5524  -56.8579 2
 -40.1168  -57.1886 2
 -40.7649  -57.9566 2
 -41.7328  -59.5019 2
 -42.3920  -60.2471 2
 -43.2634  -61.1130 2
 -42.2387  -61.6585 2
 -41.5355  -61.8652 2
 -40.5707  -62.0302 2
 -40.0131  -62.2394 2
 -39.5110  -62.3636 2
 -38.5737  -62.5292 2
 -37.7441  -62.6938 2
 -37.0447  -62.6388 2
 -36.1396  -62.5524 2
 -35.4815  -62.4785 2
 -34.7078  -62.3909 2
 -34.2717  -62.2592 2
 -33.6805  -62.0361 2
 -33.1142  -61.7791 2
 -32.6664  -61.6907 2
 -32.3749  -61.8162 2
 -32.0497  -61.9101 2
 -31.5160  -61.5165 2
 -30.9240  -61.2290 2
 -30.1298  -60.8418 2
 -29.4110  -60.5427 2
 -28.9550  -60.4571 2
 -28.4605  -60.5583 2
 -27.7762  -60.6654 2
 -27.7136  -60.0928 2
 -28.0180  -59.3494 2
 -28.5279  -58.9579 2
 -29.1303  -58.6643 2
 -29.5525  -58.4278 2
 -30.0234  -58.3291 2
 -30.7969  -58.5947 2
 -31.5530  -58.7921 2
 -32.0125  -58.5393 2
 -32.7705  -58.3457 2
 -33.4884  -58.2424 2
 -34.1161  -58.3497 2
 -34.9388  -58.6564 2
 -35.8878  -58.1993 2
 -36.3907  -57.8609 2
  99.0000   99.0000 3
9999 9999,GPML,nolabel,none,black,byPlateId,1,0
 104 4500.0   -inf UN   0   0   0     0
 -31.4146  -61.4924 3
 -32.0603  -61.8124 2
 -32.8857  -61.9953 2
 -33.8116  -62.2280 2
 -34.3162  -62.3254 2
 -34.8948  -62.3750 2
 -35.8431  -62.6405 2
 -36.5558  -62.7664 2
 -37.6559  -62.7516 2
 -38.2735  -62.9811 2
 -38.9271  -62.8837 2
 -39.6265  -62.7494 2
 -40.1081  -62.5020 2
 -40.8002  -62.1665 2
 -41.1736  -62.7920 2
 -41.5664  -63.5770 2
 -41.9877  -64.4211 2
 -42.4485  -65.2792 2
 -42.7894  -65.9310 2
 -43.2370  -66.5984 2
 -43.7469  -67.3303 2
 -44.3557  -68.1565 2
 -44.9459  -69.1609 2
 -45.7143  -70.1396 2
 -46.1697  -70.4510 2
 -46.9126  -70.8996 2
 -47.5887  -71.2656 2
 -48.2012  -71.1641 2
 -48.7429  -71.9920 2
 -49.4295  -72.1179 2
 -50.0449  -72.7807 2
 -49.4423  -73.4512 2
 -48.5978  -73.8776 2
 -47.9556  -74.3385 2
 -47.5147  -74.3681 2
 -46.9151  -74.3408 2
 -46.3720  -74.6115 2
 -45.5916  -74.8914 2
 -44.6687  -74.6667 2
 -44.0628  -74.5017 2
 -43.4562  -74.3985 2
 -42.9278  -74.2297 2
 -42.3349  -74.1185 2
 -41.7795  -73.9556 2
 -41.1508  -73.8323 2
 -40.5640  -73.6290 2
 -39.8598  -73.3468 2
 -39.3528  -73.0221 2
 -38.5306  -72.6737 2
 -37.9431  -72.1993 2
 -37.3656  -72.0042 2
 -36.8225  -71.2923 2
 -36.4962  -70.5873 2
 -36.3519  -70.0282 2
 -36.6473  -69.3472 2
 -36.2762  -68.8287 2
 -36.2043  -68.1810 2
 -35.8499  -67.5081 2
 -35.2836  -66.9556 2
 -34.4685  -66.4479 2
 -33.9759  -66.0390 2
 -33.5344  -65.5565 2
 -33.1947  -65.1330 2
 -32.8051  -64.6511 2
 -32.3085  -64.3099 2
 -31.7476  -63.7879 2
 -31.3121  -63.2890 2
 -30.6405  -62.9237 2
 -30.1557  -62.6603 2
 -29.8021  -62.2385 2
 -29.6099  -62.5571 2
 -29.0371  -61.9303 2
 -28.5042  -61.2953 2
 -28.1614  -60.8988 2
 -27.8418  -60.4372 2
 -27.3349  -59.8177 2
 -27.0361  -59.3985 2
 -26.8794  -58.9976 2
 -27.2131  -59.0285 2
 -27.5231  -59.0198 2
 -27.9239  -59.2604 2
 -28.3920  -59.6963 2
 -28.8926  -60.1120 2
 -29.2705  -60.3903 2
 -29.9794  -60.7562 2
 -30.5823  -61.0698 2
 -31.4146  -61.4924 2
  99.0000   99.0000 3
9999 9999,GPML,nolabel,none,black,byPlateId,1,0
 103 4500.0   -inf UN   0   0   0     0
  -3.2308  -18.5709 3
  -0.3565  -18.0569 2
  -3.2329  -18.5668 2
  -3.2308  -18.5709 2
  99.0000   99.0000 3
9999 9999,GPML,nolabel,none,black,byPlateId,1,0
 103 4500.0   -inf UN   0   0   0     0
  -0.3565  -18.0569 3
  -3.2308  -18.5709 2
  -3.0300  -18.9561 2
  -2.8869  -19.1805 2
  -2.7554  -19.3768 2
  -2.6457  -19.5640 2
  -2.5752  -19.7370 2
  -2.5099  -19.9510 2
  -2.4571  -20.1340 2
  -2.3886  -20.3790 2
  -2.3405  -20.5379 2
  -2.2810  -20.7695 2
  -2.2412  -20.9684 2
  -2.1877  -21.2428 2
  -2.1527  -21.5076 2
  -2.1527  -21.5076 2
  -2.1218  -21.7582 2
  -2.1243  -21.9589 2
  -2.1324  -22.1642 2
  -2.1302  -22.4675 2
  -2.1587  -22.7171 2
  -2.2134  -22.9689 2
  -2.2385  -23.2012 2
  -2.2892  -23.5493 2
  -2.3600  -23.8952 2
  -2.4289  -24.1070 2
  -2.4985  -24.3459 2
  -2.5816  -24.5678 2
  -2.6727  -24.8451 2
  -2.7683  -25.1471 2
  -2.8379  -25.4134 2
  -2.8861  -25.5613 2
  -3.0967  -25.7691 2
  -3.0544  -26.0078 2
  -3.0537  -26.1393 2
  -3.0244  -26.3469 2
  -2.9988  -26.5591 2
  -2.9743  -26.7562 2
  -2.9513  -27.0079 2
  -2.9091  -27.2934 2
  -2.8325  -27.5293 2
  -2.7250  -27.8924 2
  -2.6349  -28.3107 2
  -2.5951  -28.6635 2
  -2.6128  -29.0090 2
  -2.6455  -29.2927 2
  -2.6965  -29.4784 2
  -2.7755  -29.7448 2
  -2.8311  -30.0545 2
  -2.8999  -30.3654 2
  -2.9071  -30.5749 2
  -2.9168  -30.8114 2
  -2.9869  -31.0514 2
  -3.0941  -31.3544 2
  -3.2145  -31.6090 2
  -3.1785  -31.8811 2
  -2.9572  -32.2985 2
  -2.7713  -32.5811 2
  -2.1940  -32.8916 2
  -1.5496  -33.0780 2
  -1.1027  -32.9497 2
  -0.7751  -32.7087 2
  -0.4913  -32.5318 2
  -0.1738  -32.3594 2
   0.0526  -32.2082 2
   0.3435  -32.0065 2
   0.5933  -31.8154 2
   0.8471  -31.6151 2
   1.1524  -31.2718 2
   1.1946  -30.9721 2
   1.0232  -30.5202 2
   0.9696  -30.0803 2
   1.0062  -29.7068 2
   1.1488  -29.3043 2
   1.2744  -28.9326 2
   1.3834  -28.6416 2
   1.5529  -28.2200 2
   1.6954  -27.8548 2
   1.7673  -27.5989 2
   1.8704  -27.3499 2
   1.9752  -27.1003 2
   1.9885  -26.7595 2
   1.9840  -26.3949 2
   2.0539  -25.9747 2
   2.1202  -25.6728 2
   2.2320  -25.4407 2
   2.5176  -25.2406 2
   2.9852  -25.0686 2
   3.6403  -25.0065 2
   4.5751  -25.1625 2
   5.4691  -25.0712 2
   5.7928  -24.7381 2
   6.0117  -24.4794 2
   6.1268  -24.2914 2
   6.2144  -24.0700 2
   6.3343  -23.7884 2
   6.4437  -23.4633 2
   6.5522  -23.1973 2
   6.6392  -22.8878 2
   6.6928  -22.5450 2
   6.7116  -22.2113 2
   6.7369  -21.9080 2
   6.7179  -21.6049 2
   6.6513  -21.3548 2
   6.4684  -21.0410 2
   6.2442  -20.6626 2
   6.0763  -20.3643 2
   5.8880  -20.0959 2
   5.6907  -19.8617 2
   5.5032  -19.5309 2
   5.3199  -19.2284 2
   5.0481  -18.8447 2
   4.6952  -18.5036 2
   4.4653  -18.2129 2
   4.2473  -17.9825 2
   4.0348  -17.7644 2
   3.5156  -17.3705 2
  -0.3565  -18.0569 2
  99.0000   99.0000 3
9999 9999,GPML,nolabel,none,black,byPlateId,1,0
 102 4500.0   -inf UN   0   0   0     0
  -4.1090   -8.0868 3
  -4.2297   -8.0900 2
  -4.3360   -8.1017 2
  -4.4254   -8.1126 2
  -4.5496   -8.1356 2
  -4.8218   -8.0249 2
  -5.0399   -7.7556 2
  -5.1084   -7.6415 2
  -5.1195   -7.4943 2
  -5.1285   -7.3672 2
  -5.1288   -7.2081 2
  -5.1517   -7.0139 2
  -5.2040   -6.8207 2
  -5.3265   -6.5017 2
  -5.3701   -6.3546 2
  -5.3975   -6.2079 2
  -5.4120   -6.0893 2
  -5.4179   -5.8790 2
  -5.4186   -5.7023 2
  -5.4086   -5.5427 2
  -5.4257   -5.3574 2
  -5.4542   -5.1506 2
  -5.4854   -4.9388 2
  -5.5256   -4.6960 2
  -5.5866   -4.4656 2
  -5.6740   -4.2246 2
  -5.9160   -3.8046 2
  -6.0660   -3.5247 2
  -6.3575   -3.1094 2
  -6.6822   -2.6820 2
  -7.2000   -2.0129 2
  -7.7566   -1.4510 2
  -8.0593   -1.2894 2
  -8.2482   -1.2275 2
  -8.3994   -1.1998 2
  -8.7815   -1.0776 2
  -9.0426   -1.0449 2
  -9.3909   -1.0008 2
  -9.6743   -0.9888 2
  -9.9532   -0.9742 2
 -10.2772   -0.9558 2
 -10.5711   -0.9176 2
 -10.8576   -0.9221 2
 -11.1053   -0.8723 2
 -11.3320   -0.8184 2
 -11.7289   -0.7326 2
 -12.0754   -0.6958 2
 -12.6309   -0.4697 2
 -13.0917   -0.3286 2
 -13.4554   -0.2746 2
 -13.7536   -0.2354 2
 -14.1017   -0.1409 2
 -14.5128   -0.0460 2
 -14.7462   -0.0702 2
 -14.9394   -0.2446 2
 -15.1046   -0.4968 2
 -15.5361   -0.4440 2
 -16.1457   -0.2643 2
 -16.5248   -0.2537 2
 -16.8559   -0.2786 2
 -17.1450   -0.3176 2
 -17.5777   -0.4024 2
 -17.9104   -0.5268 2
 -18.1828   -0.6313 2
 -18.4098   -0.7745 2
 -18.5120   -0.9312 2
 -18.6281   -1.0758 2
 -18.8335   -1.2937 2
 -19.0109   -1.4418 2
 -19.1927   -1.6234 2
 -19.5147   -1.8179 2
 -19.7700   -1.9992 2
 -20.0408   -2.1610 2
 -20.2931   -2.2518 2
 -20.6395   -2.3501 2
 -21.1358   -2.4439 2
 -21.5824   -2.5625 2
 -21.9055   -2.6856 2
 -22.3819   -2.9055 2
 -22.7901   -3.1293 2
 -23.0632   -3.2812 2
 -23.1558   -3.5698 2
 -23.3595   -3.7692 2
 -23.6854   -3.8585 2
 -24.0301   -3.9674 2
 -24.4461   -4.1106 2
 -24.8950   -4.2224 2
 -25.3487   -4.3052 2
 -25.8813   -4.4252 2
 -26.5407   -4.4658 2
 -27.2916   -4.3057 2
 -27.7859   -4.2414 2
 -28.4721   -4.2550 2
 -29.1673   -4.4091 2
 -29.5189   -4.7165 2
 -29.6850   -5.0133 2
 -29.7720   -5.4486 2
 -29.7487   -5.9052 2
 -29.4208   -6.3311 2
 -29.2219   -6.7217 2
 -29.1812   -7.1348 2
 -29.0253   -7.5532 2
 -28.7202   -7.9249 2
 -28.3884   -8.3876 2
 -28.0689   -8.8059 2
 -27.6567   -8.9006 2
 -27.2574   -9.1675 2
 -26.9989   -9.6082 2
 -26.6274   -9.9349 2
 -26.2079  -10.1309 2
 -25.6847  -10.2569 2
 -25.1564  -10.2944 2
 -24.8500  -10.4169 2
 -25.2553  -10.5711 2
 -25.2601  -10.8264 2
 -24.7853  -11.1733 2
 -24.3311  -11.4142 2
 -23.9979  -11.5910 2
 -23.5074  -11.7885 2
 -22.8815  -11.9375 2
 -22.4135  -11.9819 2
 -21.7159  -11.9823 2
 -21.0494  -11.9024 2
 -20.2662  -11.9580 2
 -19.7725  -12.0143 2
 -19.2737  -11.8291 2
 -18.6591  -11.6619 2
 -18.3253  -11.8074 2
 -17.9314  -11.9970 2
 -17.6283  -12.1862 2
 -17.2311  -12.3518 2
 -16.7895  -12.4497 2
 -16.1997  -12.5084 2
 -15.8470  -12.6109 2
 -15.6327  -12.7090 2
 -15.3954  -12.8072 2
 -15.2107  -12.9199 2
 -14.9531  -13.0846 2
 -14.7978  -13.2189 2
 -14.6797  -13.4261 2
 -14.6126  -13.5481 2
 -14.5000  -13.7225 2
 -14.2892  -13.8913 2
 -13.9565  -14.0904 2
 -13.7466  -14.3209 2
 -13.6690  -14.4668 2
 -13.4902  -14.6341 2
 -13.3328  -14.7656 2
 -13.1893  -14.9080 2
 -12.9794  -15.0779 2
 -12.6807  -15.2486 2
 -12.5289  -15.3286 2
 -12.4353  -15.4333 2
 -12.3865  -15.5527 2
 -12.1266  -15.6468 2
 -11.9077  -15.7856 2
 -11.5071  -15.9729 2
 -11.0880  -15.6262 2
 -10.8092  -15.3933 2
 -10.4356  -15.0373 2
 -10.1172  -14.7504 2
  -9.8621  -14.4806 2
  -9.6534  -14.2493 2
  -9.4410  -14.0404 2
  -9.2323  -13.8262 2
  -9.0100  -13.6022 2
  -8.8508  -13.4452 2
  -8.6988  -13.2893 2
  -8.5295  -13.1292 2
  -8.3599  -12.9692 2
  -8.1958  -12.7842 2
  -8.0487  -12.6157 2
  -7.8689  -12.4238 2
  -7.7146  -12.2711 2
  -7.5591  -12.1259 2
  -7.3453  -11.9471 2
  -7.1691  -11.7789 2
  -7.0172  -11.6284 2
  -6.8743  -11.4595 2
  -6.7158  -11.2837 2
  -6.5339  -11.0829 2
  -6.3756  -10.9240 2
  -6.2219  -10.7643 2
  -6.0254  -10.5493 2
  -5.8636  -10.3839 2
  -5.6658  -10.2053 2
  -5.4544  -10.0171 2
  -5.0783   -9.9252 2
  -5.0456   -9.7685 2
  -4.9295   -9.7215 2
  -4.8568   -9.6458 2
  -4.8058   -9.5833 2
  -4.7452   -9.5161 2
  -4.6971   -9.4453 2
  -4.5909   -9.3659 2
  -4.5135   -9.3170 2
  -4.3995   -9.2567 2
  -4.2686   -9.1741 2
  -4.2012   -9.0583 2
  -4.1543   -8.9986 2
  -3.9530   -8.9156 2
  -3.7360   -8.7986 2
  -3.5972   -8.7077 2
  -3.5498   -8.6786 2
  -3.3775   -8.6599 2
  -3.2948   -8.6229 2
  -3.2248   -8.5644 2
  -3.1683   -8.4765 2
  -3.1341   -8.4280 2
  -3.1093   -8.3431 2
  -3.4005   -8.1034 2
  -3.5286   -8.0909 2
  -3.7102   -8.0698 2
  -3.9190   -8.0711 2
  -4.1090   -8.0868 2
  99.0000   99.0000 3
9999 9999,GPML,nolabel,none,black,byPlateId,1,0
 103 4500.0   -inf UN   0   0   0     0
  -4.0246  -16.6725 3
  -3.9378  -16.9087 2
  -3.8548  -17.2307 2
  -3.7689  -17.5054 2
  -3.7295  -17.6801 2
  -3.6159  -17.9209 2
  -3.4475  -18.1812 2
  -3.3191  -18.4224 2
   3.5259  -17.2591 2
   3.3208  -16.9514 2
   3.0348  -16.5856 2
   2.8317  -16.3516 2
   2.6239  -16.0872 2
   2.3921  -15.7956 2
   2.2373  -15.6168 2
   2.0641  -15.3970 2
   1.8541  -15.2603 2
   1.8149  -15.0975 2
   1.7122  -14.8295 2
   1.5390  -14.4969 2
   1.4267  -14.2660 2
   1.2987  -13.9580 2
   1.1586  -13.7200 2
   0.9709  -13.4872 2
   0.8073  -13.2892 2
   0.6088  -13.0790 2
   0.3892  -12.8476 2
   0.1944  -12.6599 2
  -0.1484  -12.4631 2
  -0.6756  -12.1905 2
  -1.1179  -12.0730 2
  -1.4839  -12.0066 2
  -1.7954  -11.9417 2
  -2.1236  -11.7990 2
  -2.5012  -11.6925 2
  -2.7302  -12.0120 2
  -2.9216  -12.2540 2
  -3.1060  -12.4819 2
  -3.3556  -12.7540 2
  -3.6259  -13.0421 2
  -3.9560  -13.4073 2
  -4.4381  -13.8085 2
  -4.9582  -14.1910 2
  -4.9366  -14.3292 2
  -4.8574  -14.4790 2
  -4.7216  -14.6856 2
  -4.6357  -15.0428 2
  -4.5731  -15.2838 2
  -4.5138  -15.5237 2
  -4.4335  -15.7866 2
  -4.2895  -16.1045 2
  -4.1747  -16.3343 2
  -4.1001  -16.4877 2
  -4.0246  -16.6725 2
  99.0000   99.0000 3
