9999 9999,GPML,nolabel,none,black,byPlateId,1,0
 101 4500.0   -inf UN   0   0   0     0
  -5.1705  -55.0530 3
  -5.3336  -55.0744 2
  -5.6168  -55.0567 2
  -5.9555  -55.0120 2
  -6.2147  -54.9542 2
  -6.4253  -54.9171 2
  -6.5730  -54.8761 2
  -6.8088  -54.7704 2
  -7.0748  -54.6556 2
  -7.3856  -54.5383 2
  -7.5956  -54.4587 2
  -7.7430  -54.4046 2
  -7.9128  -54.3415 2
  -8.0981  -54.2669 2
  -8.2921  -54.1942 2
  -8.4692  -54.1446 2
  -8.6999  -54.0871 2
  -8.9087  -54.0287 2
  -9.0592  -53.9975 2
  -9.2228  -53.9673 2
  -9.4138  -53.9111 2
  -9.5730  -53.8749 2
  -9.7283  -53.8352 2
  -9.9554  -53.7661 2
 -10.2365  -53.6949 2
 -10.5306  -53.6163 2
 -10.7491  -53.5287 2
 -10.9763  -53.4704 2
 -11.2095  -53.4040 2
 -11.3902  -53.3371 2
 -11.5938  -53.2534 2
 -11.8411  -53.1464 2
 -12.0971  -53.0490 2
 -12.3870  -52.9243 2
 -12.7123  -52.7813 2
 -12.9593  -52.6630 2
 -13.1938  -52.5431 2
 -13.4294  -52.4413 2
 -13.6812  -52.3178 2
 -13.9586  -52.2159 2
 -14.1862  -52.1217 2
 -14.3324  -51.9096 2
 -14.7112  -52.0165 2
 -15.1115  -52.1615 2
 -15.4507  -52.2489 2
 -15.8614  -52.3104 2
 -16.2529  -52.3270 2
 -16.6529  -52.3094 2
 -16.9626  -52.2681 2
 -17.2109  -52.2439 2
 -17.3759  -52.2191 2
 -17.5832  -52.1786 2
 -17.9807  -52.1246 2
 -18.2481  -52.1023 2
 -18.7294  -52.1024 2
 -19.1715  -52.1624 2
 -19.7010  -52.3308 2
 -20.2279  -52.6401 2
 -20.5373  -52.6234 2
 -21.0369  -53.0884 2
 -21.4924  -53.1791 2
 -21.7494  -53.1394 2
 -22.0221  -53.1172 2
 -22.2675  -53.0887 2
 -22.7164  -53.1533 2
 -23.3410  -53.5614 2
 -23.7235  -54.0117 2
 -24.1254  -54.4327 2
 -24.4943  -54.8990 2
 -24.8947  -55.5055 2
 -25.0953  -55.9738 2
 -25.3307  -56.4042 2
 -25.7301  -57.0142 2
 -25.8301  -57.4637 2
 -26.0324  -57.9943 2
 -26.5728  -58.5217 2
 -27.1581  -58.6419 2
 -27.5547  -58.5864 2
 -27.9091  -58.5381 2
 -28.2736  -58.5752 2
 -28.7996  -58.6247 2
 -29.3375  -58.7885 2
 -29.7997  -59.0120 2
 -30.2402  -59.2031 2
 -30.6944  -59.4214 2
 -31.1071  -59.6065 2
 -31.6154  -59.7847 2
 -32.1357  -59.8494 2
 -32.6896  -59.8222 2
 -33.1011  -59.7053 2
 -33.3499  -59.5544 2
 -33.7531  -59.2261 2
 -34.0572  -58.9676 2
 -34.3680  -58.7318 2
 -34.8309  -58.5130 2
 -35.4278  -58.4226 2
 -35.8636  -58.4201 2
 -36.4089  -58.4078 2
 -37.0912  -58.4192 2
 -37.7743  -58.4195 2
 -38.4636  -58.5060 2
 -39.1253  -58.8937 2
 -38.9919  -59.2931 2
 -38.9143  -59.6022 2
 -38.8436  -59.9816 2
 -38.7820  -60.3382 2
 -38.6995  -60.7962 2
 -38.5641  -61.4191 2
 -38.6390  -62.1313 2
 -38.6947  -62.8464 2
 -38.7514  -63.5934 2
 -38.7191  -64.1495 2
 -38.6134  -64.7217 2
 -38.4788  -65.2678 2
 -38.3999  -65.7627 2
 -38.3270  -66.2847 2
 -38.1901  -66.8142 2
 -38.0634  -67.2386 2
 -37.9339  -67.5442 2
 -37.7487  -67.8513 2
 -37.4950  -68.2342 2
 -37.1251  -68.6895 2
 -36.8516  -69.0233 2
 -36.5366  -69.5629 2
 -36.1809  -70.0313 2
 -35.9207  -70.4077 2
 -35.6325  -71.0617 2
 -35.3829  -72.1797 2
 -35.2519  -72.9767 2
 -35.0419  -73.7340 2
 -34.8069  -74.6391 2
 -34.6297  -75.1855 2
 -34.4593  -75.8467 2
 -34.4502  -76.5646 2
 -34.4720  -77.4442 2
 -34.5568  -78.1096 2
 -34.5069  -79.0447 2
 -34.3880  -80.0117 2
 -34.5432  -80.8041 2
 -34.3750  -81.2849 2
 -34.1342  -81.5478 2
 -33.7701  -82.0724 2
 -33.2961  -82.7132 2
 -32.9448  -83.2607 2
 -32.6962  -83.7684 2
 -32.4544  -84.2954 2
 -32.1572  -84.9615 2
 -31.8430  -86.0567 2
 -31.6190  -86.7084 2
 -31.4385  -87.3100 2
 -31.2576  -87.9312 2
 -31.1263  -88.4024 2
 -31.0742  -88.8972 2
 -30.8644  -89.5250 2
 -30.5563  -90.2578 2
 -30.2058  -90.9546 2
 -29.9205  -91.4622 2
 -29.5511  -92.0811 2
 -29.1488  -92.6701 2
 -28.7276  -93.2465 2
 -28.1835  -93.7275 2
 -27.7464  -94.1390 2
 -27.2288  -94.5530 2
 -26.6359  -94.9985 2
 -26.0093  -95.3877 2
 -25.3980  -95.7749 2
 -24.7095  -96.1253 2
 -24.0040  -96.3836 2
 -23.3302  -96.6062 2
 -22.6063  -97.0101 2
 -21.9587  -97.0290 2
 -21.4719  -97.0959 2
 -21.1056  -97.0993 2
 -20.6912  -97.1852 2
 -20.3187  -97.3047 2
 -19.8412  -97.5786 2
 -19.3475  -97.9121 2
 -18.9316  -98.3931 2
 -18.4653  -98.9739 2
 -17.8901  -99.6325 2
 -17.3318 -100.1553 2
 -16.6282 -100.6668 2
 -15.8836 -101.0902 2
 -15.4905 -101.3915 2
 -15.4865 -102.0454 2
 -15.6675 -102.6085 2
 -15.8249 -103.0746 2
 -15.8711 -103.5689 2
 -15.1370 -103.6447 2
 -14.6233 -103.7110 2
 -13.9198 -103.6371 2
 -13.2675 -103.5482 2
 -12.7131 -103.2129 2
 -12.3690 -102.1661 2
 -12.1557 -101.3129 2
 -12.0597  -99.7695 2
 -11.8888  -98.8946 2
 -11.5896  -98.3412 2
 -11.1707  -97.9449 2
 -10.5805  -97.7762 2
 -10.1036  -97.5717 2
  -9.7537  -97.3139 2
  -9.4877  -97.0903 2
  -9.3695  -96.6437 2
  -9.3315  -95.9048 2
  -9.4179  -95.2044 2
  -9.6774  -94.6089 2
 -10.0243  -94.0656 2
 -10.3164  -93.3295 2
 -10.4586  -92.6507 2
 -10.4443  -92.1071 2
 -10.3325  -91.2933 2
 -10.1650  -90.3786 2
  -9.8905  -89.3171 2
  -9.5808  -88.5199 2
  -9.1894  -87.6239 2
  -8.7480  -86.7369 2
  -8.2916  -86.0899 2
  -7.7913  -85.5102 2
  -7.3241  -84.9982 2
  -7.0233  -84.6177 2
  -6.6952  -84.1030 2
  -6.4044  -83.5279 2
  -6.2105  -82.9990 2
  -5.8648  -82.1920 2
  -5.3934  -81.4836 2
  -5.0251  -80.7207 2
  -4.6929  -80.1544 2
  -4.4470  -79.6143 2
  -4.2234  -79.0943 2
  -3.9989  -78.5466 2
  -3.7516  -77.8271 2
  -3.6094  -77.3613 2
  -3.3491  -76.8691 2
  -2.9987  -76.4321 2
  -2.7323  -76.1762 2
  -2.3881  -75.8014 2
  -1.9953  -75.4015 2
  -1.6115  -75.0481 2
  -1.1186  -74.5811 2
  -0.7643  -74.2110 2
  -0.3998  -73.8190 2
  -0.0380  -73.2284 2
   0.2274  -72.6246 2
   0.4138  -72.0581 2
   0.5355  -71.4777 2
   0.6279  -71.0768 2
   0.7637  -70.7168 2
   0.9161  -70.1789 2
   1.0954  -69.6045 2
   1.2789  -69.2198 2
   1.3329  -68.6822 2
   1.0018  -68.1071 2
   0.7616  -67.2852 2
   0.7030  -66.3199 2
   0.7696  -65.4742 2
   0.9075  -64.8666 2
   1.0581  -64.5970 2
   1.2598  -64.2753 2
   1.5594  -63.9357 2
   1.9198  -63.4993 2
   2.3257  -63.0798 2
   2.7366  -62.7433 2
   3.0390  -62.5336 2
   3.2578  -62.3863 2
   3.3748  -62.1312 2
   3.3880  -61.8357 2
   3.4099  -61.4780 2
   3.4135  -60.8412 2
   3.3652  -60.1785 2
   3.0837  -59.6657 2
   3.0254  -59.2244 2
   3.1441  -58.9814 2
   3.2948  -58.6504 2
   3.0351  -58.0478 2
   2.8076  -57.8121 2
   2.4069  -57.5371 2
   2.0104  -57.3320 2
   1.7606  -57.2151 2
   1.4924  -57.1030 2
   1.2736  -57.0060 2
   1.0440  -56.9233 2
   0.7958  -56.7788 2
   0.4680  -56.5573 2
   0.2508  -56.4173 2
  -0.0031  -56.2067 2
  -0.3188  -55.8287 2
  -0.5745  -55.2323 2
  -0.6037  -54.7732 2
  -0.5813  -54.3915 2
  -0.7038  -53.7198 2
  -0.9389  -53.1373 2
  -1.1172  -52.8625 2
  -1.2760  -52.7016 2
  -1.4092  -52.9555 2
  -1.6262  -53.1403 2
  -1.8051  -53.2953 2
  -1.9730  -53.4057 2
  -2.1537  -53.4876 2
  -2.3689  -53.5962 2
  -2.5159  -53.6722 2
  -2.6572  -53.7358 2
  -2.8755  -53.8273 2
  -3.0422  -53.8905 2
  -3.1854  -53.9508 2
  -3.3094  -54.0079 2
  -3.4447  -54.0768 2
  -3.6084  -54.1898 2
  -3.8571  -54.3521 2
  -4.0854  -54.5091 2
  -4.3560  -54.7048 2
  -4.5116  -54.7886 2
  -4.6947  -54.8823 2
  -4.9491  -54.9899 2
  -5.1705  -55.0530 2
  99.0000   99.0000 3
9999 9999,GPML,nolabel,none,black,byPlateId,1,0
 108  100.0   -inf UN   0   0   0     0
 -73.1476  -72.8755 3
 -72.7077  -72.3581 2
 -72.3039  -71.6524 2
 -71.8747  -71.2552 2
 -71.4401  -70.8147 2
 -70.9794  -70.2448 2
 -70.5188  -69.8643 2
 -69.9963  -69.4067 2
 -69.3604  -69.3639 2
 -68.7005  -69.5015 2
 -68.0561  -69.6079 2
 -67.5752  -69.7409 2
 -67.1186  -69.7435 2
 -66.4416  -69.1707 2
 -65.9064  -68.7040 2
 -65.3209  -68.4231 2
 -64.2607  -68.6275 2
 -63.4938  -68.6309 2
 -62.9978  -68.4952 2
 -62.4561  -68.3367 2
 -61.8405  -68.2446 2
 -61.0098  -67.8267 2
 -60.5121  -67.0172 2
 -61.0099  -66.0947 2
 -61.7652  -65.5059 2
 -62.4633  -64.8013 2
 -62.9007  -64.0576 2
 -63.5216  -63.2246 2
 -64.0406  -62.5799 2
 -64.5981  -62.2993 2
 -65.0762  -62.1414 2
 -65.8383  -61.7586 2
 -66.4813  -61.4652 2
 -67.1132  -60.9527 2
 -68.0300  -60.3660 2
 -68.6338  -60.3571 2
 -69.0253  -60.5900 2
 -69.5250  -60.9799 2
 -70.0539  -61.2163 2
 -70.4150  -61.5840 2
 -70.9030  -62.1066 2
 -71.2858  -62.4119 2
 -71.5838  -62.6176 2
 -71.8568  -62.6724 2
 -72.2131  -62.5983 2
 -72.6484  -62.4456 2
 -73.0516  -62.1028 2
 -73.4376  -61.8023 2
 -73.8825  -61.6198 2
 -74.3337  -61.3100 2
 -74.7430  -60.7581 2
 -75.2503  -59.6278 2
 -75.7324  -58.4820 2
 -76.2010  -57.2051 2
 -76.6973  -56.8065 2
 -77.0542  -56.4373 2
 -77.3307  -56.1309 2
 -77.6266  -55.8180 2
 -77.8765  -55.6419 2
 -78.2136  -55.5559 2
 -78.2289  -58.2174 2
 -78.1790  -61.4316 2
 -78.1985  -65.7205 2
 -78.2455  -68.8775 2
 -77.8241  -69.5839 2
 -77.2756  -70.5907 2
 -76.6035  -71.3738 2
 -75.9977  -72.2881 2
 -75.4938  -72.9351 2
 -74.7945  -73.3810 2
 -74.3327  -73.4364 2
 -73.9342  -73.3918 2
 -73.5705  -73.2185 2
 -73.1476  -72.8755 2
  99.0000   99.0000 3
9999 9999,GPML,nolabel,none,black,byPlateId,1,0
 109  100.0   -inf UN   0   0   0     0
 -84.6483 -169.3539 3
 -83.9326 -165.3422 2
 -83.2463 -163.1320 2
 -82.5900 -161.6199 2
 -82.0101 -160.6053 2
 -81.4866 -159.6015 2
 -80.7855 -157.7536 2
 -80.3009 -155.7140 2
 -79.7578 -152.2851 2
 -79.4958 -148.0785 2
 -79.4363 -143.3124 2
 -79.5466 -139.7248 2
 -79.5803 -136.5857 2
 -80.0211 -134.5140 2
 -80.4061 -133.2574 2
 -80.8521 -131.9603 2
 -81.2470 -130.9964 2
 -81.8345 -129.3107 2
 -82.6312 -125.6442 2
 -83.1900 -121.1304 2
 -83.5288 -116.9325 2
 -83.7345 -111.7941 2
 -83.6966 -106.1049 2
 -83.4586 -102.2160 2
 -83.2025 -100.6187 2
 -83.1764  -96.9592 2
 -83.1652  -91.8250 2
 -83.1424  -87.8952 2
 -82.9743  -84.2917 2
 -82.7953  -81.4306 2
 -82.3806  -77.3365 2
 -81.9241  -73.3952 2
 -82.7207  -74.6463 2
 -83.3632  -77.0214 2
 -84.0362  -79.9103 2
 -84.7398  -82.8054 2
 -85.4016  -85.6000 2
 -86.0567  -89.5310 2
 -86.7102  -94.0973 2
 -87.2737  -99.6876 2
 -87.7700 -106.1352 2
 -88.2913 -119.3948 2
 -88.7622 -137.5296 2
 -89.0126 -169.1480 2
 -88.9066  154.7742 2
 -88.5976  135.1016 2
 -88.0559  119.9027 2
 -87.4533  110.6485 2
 -86.9431  105.0795 2
 -86.6020  100.5110 2
 -86.2094   97.9567 2
 -85.6780   95.4293 2
 -85.1542   93.6077 2
 -84.5675   92.3277 2
 -83.6092   90.3053 2
 -82.9727   90.1556 2
 -82.4671   90.1252 2
 -81.9735   90.2201 2
 -81.4025   90.8207 2
 -80.7047   91.8013 2
 -80.1463   92.4051 2
 -79.8376   92.9774 2
 -80.2736   95.8529 2
 -80.8029  101.3825 2
 -81.4034  103.9674 2
 -81.7729  105.9537 2
 -82.3585  110.6201 2
 -82.6726  114.1451 2
 -82.8867  117.2051 2
 -83.0707  121.8276 2
 -83.3393  125.7269 2
 -83.6051  129.5831 2
 -83.9000  133.4322 2
 -84.3772  139.0940 2
 -84.7974  145.6457 2
 -85.0687  151.0139 2
 -85.2674  156.2587 2
 -85.4224  162.0215 2
 -85.5102  169.5427 2
 -85.4444  177.1069 2
 -85.2142 -176.4089 2
 -84.6483 -169.3539 2
  99.0000   99.0000 3
9999 9999,GPML,nolabel,none,black,byPlateId,1,0
 106 4500.0   -inf UN   0   0   0     0
 -11.9501  -42.1197 3
 -12.1956  -42.1329 2
 -12.3950  -42.0102 2
 -12.5502  -41.9044 2
 -12.7451  -41.7927 2
 -12.9303  -41.6833 2
 -13.2005  -41.5083 2
 -13.4055  -41.3798 2
 -13.5869  -41.2532 2
 -13.6900  -41.1762 2
 -13.7931  -41.0993 2
 -13.8783  -40.9876 2
 -13.9381  -40.9188 2
 -13.8980  -40.8246 2
 -14.0394  -40.8524 2
 -14.0916  -40.7670 2
 -14.1613  -40.6595 2
 -14.2743  -40.4918 2
 -14.3744  -40.3873 2
 -14.4510  -40.3003 2
 -14.4838  -40.2384 2
 -14.5401  -40.1194 2
 -14.5496  -40.0599 2
 -14.5641  -39.9714 2
 -14.8183  -39.9775 2
 -15.0385  -40.3070 2
 -15.0715  -40.5975 2
 -15.1005  -40.8712 2
 -15.1114  -41.1100 2
 -15.1149  -41.4108 2
 -15.1231  -41.6394 2
 -15.1352  -41.8707 2
 -15.1368  -42.1503 2
 -15.1375  -42.3946 2
 -15.1311  -42.6227 2
 -15.1434  -42.8430 2
 -15.1619  -43.0937 2
 -15.2010  -43.3786 2
 -15.2192  -43.5974 2
 -15.2314  -43.8209 2
 -15.2362  -44.0921 2
 -15.2323  -44.3226 2
 -15.2298  -44.5774 2
 -15.2479  -44.8171 2
 -15.2657  -45.0566 2
 -15.2735  -45.2807 2
 -15.2856  -45.5108 2
 -15.2994  -45.8356 2
 -15.3095  -46.1434 2
 -15.3257  -46.4497 2
 -15.3240  -46.7702 2
 -15.3304  -47.1520 2
 -15.3716  -47.5912 2
 -15.4065  -48.1209 2
 -15.4543  -48.4917 2
 -15.5281  -49.0465 2
 -15.5664  -49.4846 2
 -15.6620  -49.9499 2
 -15.7179  -50.3599 2
 -15.7607  -50.8864 2
 -15.8166  -51.4796 2
 -15.9046  -52.1320 2
 -15.9674  -52.6766 2
 -15.6953  -52.7408 2
 -15.4437  -52.7872 2
 -15.1892  -52.8519 2
 -14.9229  -52.9123 2
 -14.5750  -52.9794 2
 -14.2654  -53.0365 2
 -13.9948  -53.0745 2
 -13.7305  -53.1241 2
 -13.5138  -53.1607 2
 -13.3232  -53.1859 2
 -13.0814  -53.1989 2
 -12.8472  -53.2053 2
 -12.6152  -53.2426 2
 -12.3113  -53.2543 2
 -12.0217  -53.2616 2
 -11.7852  -53.2791 2
 -11.6252  -53.2836 2
 -11.4620  -53.2838 2
 -11.2635  -53.2968 2
 -11.0974  -53.2902 2
 -10.9437  -53.2876 2
 -10.7274  -53.2989 2
 -10.4898  -53.3044 2
 -10.3063  -53.3141 2
 -10.1013  -53.3429 2
  -9.9044  -53.3753 2
  -9.7251  -53.3999 2
  -9.5696  -53.4207 2
  -9.3475  -53.4528 2
  -9.0189  -53.4999 2
  -8.7346  -53.5543 2
  -8.4817  -53.6064 2
  -8.3287  -53.6144 2
  -8.1151  -53.6048 2
  -7.8495  -53.6051 2
  -7.5092  -53.5752 2
  -7.2289  -53.5310 2
  -7.0742  -53.4746 2
  -6.8715  -53.3648 2
  -6.6461  -53.2043 2
  -6.4874  -53.0728 2
  -6.3534  -52.9571 2
  -6.1310  -52.7068 2
  -5.9416  -52.5038 2
  -5.7334  -52.2912 2
  -5.5977  -52.1453 2
  -5.4802  -52.0487 2
  -5.3713  -51.9661 2
  -5.2442  -51.8763 2
  -5.0949  -51.7785 2
  -4.9011  -51.6421 2
  -4.7767  -51.5496 2
  -4.6493  -51.4437 2
  -4.4622  -51.2913 2
  -4.3031  -51.1724 2
  -4.1626  -51.0284 2
  -4.0208  -50.8384 2
  -3.8480  -50.6113 2
  -3.7719  -50.3343 2
  -4.0738  -50.0035 2
  -4.3510  -49.7884 2
  -4.6862  -49.5279 2
  -4.8831  -49.3664 2
  -5.1550  -49.1561 2
  -5.4500  -48.9318 2
  -5.6412  -48.8112 2
  -5.8767  -48.6780 2
  -6.0083  -48.5944 2
  -6.2752  -48.4435 2
  -6.5066  -48.3360 2
  -6.7028  -48.2469 2
  -6.8413  -48.1964 2
  -7.0423  -48.1208 2
  -7.1829  -48.0687 2
  -7.3744  -48.0262 2
  -7.5783  -47.5912 2
  -7.7481  -47.1929 2
  -7.9791  -47.0967 2
  -8.2048  -47.0184 2
  -8.4257  -46.8869 2
  -8.5771  -46.7910 2
  -8.6916  -46.7122 2
  -8.8591  -46.5588 2
  -8.9899  -46.4960 2
  -9.1156  -46.4356 2
  -9.2183  -46.3566 2
  -9.3545  -46.2437 2
  -9.5141  -46.1243 2
  -9.6590  -46.0174 2
  -9.7737  -45.9677 2
  -9.8521  -45.9349 2
  -9.9482  -45.8226 2
 -10.0216  -45.7079 2
 -10.0976  -45.3483 2
 -10.1783  -45.0488 2
 -10.2611  -44.8986 2
 -10.3647  -44.7165 2
 -10.3968  -44.3457 2
 -10.4604  -44.3662 2
 -10.5210  -44.3147 2
 -10.6135  -44.1153 2
 -10.7101  -43.9214 2
 -10.7739  -43.8202 2
 -10.8750  -43.6861 2
 -11.0030  -43.5495 2
 -11.1425  -43.4032 2
 -11.2225  -43.2980 2
 -11.3014  -43.1721 2
 -11.4007  -42.7968 2
 -11.4653  -42.7814 2
 -11.5178  -42.7294 2
 -11.5485  -42.6837 2
 -11.5854  -42.6009 2
 -11.6455  -42.5141 2
 -11.6980  -42.4508 2
 -11.7360  -42.3960 2
 -11.8034  -42.3080 2
 -11.8417  -42.2654 2
 -11.8987  -42.1989 2
 -11.9501  -42.1197 2
  99.0000   99.0000 3
9999 9999,GPML,nolabel,none,black,byPlateId,1,0
 132 4500.0   -inf UN   0   0   0     0
  -1.9615  -95.1705 3
  -2.1266  -95.8265 2
  -1.6239  -95.7585 2
  -1.0792  -95.2074 2
  -0.5536  -94.5955 2
  -0.1116  -94.4116 2
   0.3549  -94.3563 2
   0.2549  -93.8140 2
   0.1934  -93.2009 2
   0.1890  -92.4166 2
   0.1621  -91.7602 2
   0.0800  -91.2743 2
   0.0067  -90.7649 2
  -0.0942  -90.0315 2
  -0.1003  -89.5590 2
  -0.1865  -88.9611 2
  -0.3762  -88.3543 2
  -0.4610  -87.6712 2
  -0.5332  -87.0940 2
  -0.5912  -86.5542 2
  -0.6635  -86.0603 2
  -0.7112  -85.5377 2
  -0.7945  -84.9810 2
  -0.9378  -84.2692 2
  -0.9763  -83.7631 2
  -1.3351  -83.8155 2
  -1.8151  -83.9272 2
  -2.4026  -84.0747 2
  -2.1613  -84.6936 2
  -2.3438  -85.4162 2
  -2.9531  -85.8388 2
  -3.6541  -86.1836 2
  -4.0051  -86.5831 2
  -4.0388  -87.5542 2
  -3.9878  -88.0531 2
  -3.8106  -88.5928 2
  -3.6234  -89.0385 2
  -3.4397  -89.5937 2
  -3.3128  -90.4243 2
  -2.9466  -91.0986 2
  -2.4008  -91.5770 2
  -2.2013  -92.2682 2
  -2.1167  -92.9981 2
  -2.0343  -93.4572 2
  -1.9816  -94.0880 2
  -1.9280  -94.6683 2
  -1.9615  -95.1705 2
  99.0000   99.0000 3
9999 9999,GPML,nolabel,none,black,byPlateId,1,0
 133 4500.0   -inf UN   0   0   0     0
  -5.5746  -97.6379 3
  -5.1853  -97.6589 2
  -4.6650  -97.6061 2
  -4.0991  -97.5201 2
  -3.1165  -97.2476 2
  -2.6095  -96.5514 2
  -2.1612  -96.1027 2
  -1.5352  -95.7406 2
  -0.8304  -95.4172 2
  -0.7107  -94.7517 2
  -0.7119  -94.2486 2
  -0.8054  -93.6737 2
  -0.9017  -93.0485 2
  -1.0158  -92.5964 2
  -1.1511  -91.8745 2
  -1.3984  -91.1994 2
  -1.9764  -90.7608 2
  -2.3890  -90.1145 2
  -2.5741  -89.2956 2
  -2.7965  -88.7552 2
  -3.0148  -88.3242 2
  -3.2298  -87.7989 2
  -3.3161  -87.3054 2
  -3.3516  -86.3351 2
  -3.0299  -85.9118 2
  -2.3553  -85.5179 2
  -1.7777  -85.0530 2
  -1.6475  -84.3194 2
  -1.9325  -83.7195 2
  -2.4264  -83.6345 2
  -2.6970  -83.5550 2
  -2.8719  -84.0880 2
  -3.1422  -84.6702 2
  -3.4523  -85.1931 2
  -3.7399  -85.5816 2
  -4.1896  -86.1059 2
  -4.6704  -86.6980 2
  -5.1056  -87.3549 2
  -5.5189  -88.2485 2
  -5.8828  -89.1487 2
  -6.1688  -89.9477 2
  -6.4130  -91.0069 2
  -6.5554  -91.9171 2
  -6.6457  -92.7256 2
  -6.6462  -93.2641 2
  -6.4871  -93.9323 2
  -6.1774  -94.6539 2
  -5.8178  -95.1837 2
  -5.5449  -95.7676 2
  -5.4432  -96.4598 2
  -5.4656  -97.1928 2
  -5.5746  -97.6379 2
  99.0000   99.0000 3
9999 9999,GPML,nolabel,none,black,byPlateId,1,0
 124 4500.0   -inf UN   0   0   0     0
   5.8725  -60.9708 3
   5.9049  -61.6090 2
   5.9032  -61.9686 2
   5.9066  -62.2655 2
   5.8040  -62.5277 2
   5.5938  -62.6875 2
   5.3034  -62.9144 2
   4.9118  -63.2743 2
   4.5296  -63.7166 2
   4.1935  -64.1733 2
   3.9128  -64.5294 2
   3.7288  -64.8622 2
   3.5929  -65.1400 2
   3.4876  -65.7552 2
   3.4658  -66.6047 2
   3.5745  -67.5674 2
   3.8565  -68.3775 2
   4.2163  -68.9364 2
   4.1894  -69.4773 2
   4.0253  -69.8716 2
   3.8745  -70.4555 2
   3.7486  -71.0013 2
   3.6303  -71.3682 2
   3.5573  -71.7738 2
   3.4634  -72.3604 2
   3.3039  -72.9361 2
   3.0669  -73.5526 2
   2.7326  -74.1600 2
   2.3863  -74.5685 2
   2.0490  -74.9544 2
   1.5775  -75.4431 2
   1.2097  -75.8130 2
   0.8348  -76.2296 2
   0.5072  -76.6186 2
   0.2521  -76.8855 2
  -0.0793  -77.3364 2
  -0.3185  -77.8383 2
  -0.4411  -78.3087 2
  -0.6585  -79.0362 2
  -0.8607  -79.5912 2
  -1.0632  -80.1184 2
  -1.2877  -80.6662 2
  -1.5976  -81.2432 2
  -1.9365  -82.0168 2
  -2.3811  -82.7396 2
  -2.6970  -83.5550 2
  -2.4264  -83.6345 2
  -1.9325  -83.7195 2
  -1.3571  -83.5303 2
  -0.8863  -83.3844 2
  -0.5322  -83.3065 2
   0.0686  -83.0459 2
   0.5342  -83.0193 2
   0.8865  -82.9696 2
   1.3389  -82.9196 2
   1.7243  -82.8628 2
   2.0857  -82.6893 2
   2.4563  -82.3254 2
   2.6539  -81.9940 2
   2.7373  -81.4761 2
   2.5474  -80.7109 2
   2.4741  -79.8575 2
   2.4533  -79.3704 2
   2.4527  -78.9502 2
   2.4288  -78.4585 2
   2.4607  -77.8378 2
   2.6167  -77.1866 2
   2.8604  -76.5265 2
   3.1353  -76.1064 2
   3.4573  -75.5577 2
   3.6045  -75.0253 2
   3.6235  -74.5945 2
   3.6689  -73.9866 2
   3.8434  -73.4595 2
   4.0088  -72.7961 2
   4.1905  -72.2179 2
   4.3732  -71.7783 2
   4.5641  -71.2073 2
   4.6718  -70.8087 2
   4.8687  -70.2697 2
   5.0555  -70.1013 2
   5.0701  -69.4822 2
   5.2904  -68.7579 2
   5.5061  -68.1000 2
   5.7093  -67.5551 2
   5.8845  -67.1369 2
   6.0250  -66.7375 2
   6.3498  -66.2775 2
   6.6379  -65.8072 2
   7.0267  -65.2472 2
   7.2681  -64.6252 2
   7.6167  -64.4868 2
   7.7799  -63.7925 2
   7.9906  -63.4560 2
   8.1299  -63.1711 2
   8.3533  -62.8091 2
   8.5496  -62.4021 2
   8.8848  -61.8766 2
   9.1162  -61.4679 2
   9.2707  -61.2388 2
   9.4628  -60.9010 2
   9.6842  -60.5576 2
   9.9118  -60.2157 2
  10.1547  -59.8972 2
  10.2803  -59.5028 2
   9.9461  -59.2893 2
   9.5036  -59.1629 2
   9.2967  -59.3868 2
   8.8495  -59.4932 2
   8.5267  -59.5110 2
   8.2124  -59.5237 2
   7.8585  -59.5211 2
   7.5863  -59.5144 2
   7.2274  -59.4723 2
   6.8935  -59.4536 2
   6.4869  -59.4621 2
   6.0477  -59.3089 2
   5.6275  -58.7832 2
   5.4964  -59.1235 2
   5.3921  -59.3738 2
   5.4758  -59.8124 2
   5.7863  -60.3096 2
   5.8725  -60.9708 2
  99.0000   99.0000 3
9999 9999,GPML,nolabel,none,black,byPlateId,1,0
 131 4500.0   -inf UN   0   0   0     0
  -2.0417  -95.0735 3
  -1.9567  -95.6186 2
  -1.3080  -95.5278 2
  -0.6934  -95.5615 2
  -0.0964  -95.9716 2
  -0.1093  -95.3271 2
   0.0311  -94.6237 2
   0.3430  -93.9341 2
   0.6552  -93.3998 2
   1.1040  -92.7866 2
   1.5093  -92.0518 2
   1.8053  -91.4198 2
   2.1909  -90.8979 2
   2.6435  -90.7774 2
   3.1517  -90.5866 2
   3.4872  -90.0983 2
   3.1183  -89.5681 2
   2.6649  -89.1869 2
   2.2777  -88.9056 2
   1.7124  -88.4940 2
   1.0382  -88.0457 2
   0.6012  -87.7801 2
   0.2179  -87.5433 2
  -0.1845  -87.3706 2
  -0.6092  -87.1723 2
  -1.1043  -86.9083 2
  -1.5401  -86.5083 2
  -1.8359  -86.0119 2
  -1.8532  -85.3691 2
  -1.8666  -84.8071 2
  -2.3325  -84.7841 2
  -2.9575  -84.9796 2
  -2.9365  -85.4872 2
  -2.8174  -86.2044 2
  -2.7529  -86.7642 2
  -2.7226  -87.2886 2
  -2.6666  -87.7851 2
  -2.6263  -88.3271 2
  -2.5727  -88.9069 2
  -2.5097  -89.5930 2
  -2.3391  -90.2060 2
  -2.2716  -90.8068 2
  -2.2800  -91.2796 2
  -2.2013  -92.0164 2
  -2.1433  -92.5280 2
  -2.0756  -93.0165 2
  -2.0678  -93.6738 2
  -2.0859  -94.4585 2
  -2.0417  -95.0735 2
  99.0000   99.0000 3
9999 9999,GPML,nolabel,none,black,byPlateId,1,0
 105 4500.0   -inf UN   0   0   0     0
  -3.6534 -105.9289 3
  -3.1367 -105.8787 2
  -2.5468 -105.6445 2
  -2.2606 -104.9711 2
  -1.9840 -104.5976 2
  -1.6485 -103.7806 2
  -1.4752 -103.2591 2
  -1.5868 -102.7277 2
  -1.4539 -102.1096 2
  -1.2273 -101.4313 2
  -0.8190 -101.0389 2
  -0.4876 -100.4637 2
  -0.2608  -99.9446 2
  -0.0822  -99.4891 2
  -0.0297  -98.7960 2
  -0.4377  -98.4204 2
  -0.4371  -97.8187 2
  -0.3912  -97.0814 2
  -0.3180  -96.1856 2
  -0.2436  -95.3257 2
  -0.2088  -94.7677 2
  -0.0094  -94.1186 2
   0.2877  -93.4252 2
   0.6559  -93.0349 2
   0.9801  -92.7988 2
   1.3049  -92.5805 2
   1.8751  -92.0869 2
   1.9115  -91.3232 2
   1.9564  -90.7800 2
   2.0444  -90.2907 2
   2.2348  -89.9402 2
   2.3204  -89.2413 2
   2.4571  -88.5630 2
   2.2987  -87.8241 2
   2.0012  -88.2846 2
   1.7748  -88.8916 2
   1.5939  -89.2852 2
   1.3112  -89.8413 2
   0.8863  -90.8355 2
   0.5115  -91.4912 2
   0.2012  -91.8779 2
  -0.0561  -92.1440 2
  -0.5804  -92.5938 2
  -0.9743  -92.9057 2
  -1.2201  -93.2971 2
  -1.5023  -94.0075 2
  -1.7813  -94.8228 2
  -1.9929  -95.4282 2
  -2.1012  -96.0491 2
  -2.0622  -96.4376 2
  -2.1407  -96.9092 2
  -2.3175  -97.6358 2
  -2.4011  -98.1474 2
  -2.5348  -98.6184 2
  -2.7388  -99.3623 2
  -2.9862 -100.1152 2
  -2.9454 -100.8030 2
  -3.2869 -101.4175 2
  -3.5336 -102.0468 2
  -3.6854 -102.9299 2
  -3.8504 -103.7287 2
  -4.0650 -104.2772 2
  -4.2035 -104.7020 2
  -4.3491 -105.0590 2
  -4.5015 -105.4210 2
  -4.1579 -105.7579 2
  -3.6534 -105.9289 2
  99.0000   99.0000 3
9999 9999,GPML,nolabel,none,black,byPlateId,1,0
 134 4500.0   -inf UN   0   0   0     0
  -8.5776  -97.0771 3
  -9.0988  -97.1196 2
  -9.4877  -97.0903 2
  -9.7537  -97.3139 2
 -10.1036  -97.5717 2
 -10.5805  -97.7762 2
 -11.1707  -97.9449 2
 -11.5896  -98.3412 2
 -11.8888  -98.8946 2
 -12.0597  -99.7695 2
 -12.1557 -101.3129 2
 -12.3690 -102.1661 2
 -12.7131 -103.2129 2
 -11.6435 -102.9491 2
 -10.9774 -102.6709 2
 -10.1111 -102.2208 2
  -9.5603 -102.0362 2
  -9.0910 -101.8312 2
  -8.2417 -101.4096 2
  -7.4803 -101.0523 2
  -6.9227 -100.6245 2
  -6.2081 -100.0610 2
  -5.6937  -99.6438 2
  -5.0897  -99.1529 2
  -4.7872  -98.8193 2
  -4.3987  -98.3353 2
  -4.0481  -97.8401 2
  -3.7180  -97.5278 2
  -3.4171  -97.4528 2
  -3.1027  -97.3374 2
  -2.8465  -96.7612 2
  -2.4938  -96.2254 2
  -2.0246  -95.5025 2
  -1.5777  -94.8822 2
  -1.2439  -94.5625 2
  -0.7859  -94.3560 2
  -0.1677  -94.0477 2
  -0.4031  -93.5945 2
  -1.0281  -93.2284 2
  -1.6435  -93.2390 2
  -2.2840  -93.3764 2
  -2.7476  -93.4525 2
  -3.1809  -93.6561 2
  -3.6785  -94.2922 2
  -4.1976  -94.8687 2
  -4.6966  -94.9598 2
  -5.4086  -95.2683 2
  -6.0425  -95.6179 2
  -6.5004  -96.0590 2
  -7.0221  -96.7483 2
  -8.0100  -97.0021 2
  -8.5776  -97.0771 2
  99.0000   99.0000 3
9999 9999,GPML,nolabel,none,black,byPlateId,1,0
 104 4500.0   -inf UN   0   0   0     0
  -2.7740  -96.6874 3
  -3.1577  -97.2745 2
  -3.7573  -97.8634 2
  -4.4190  -98.5413 2
  -4.7939  -98.8897 2
  -5.2525  -99.2461 2
  -5.9218  -99.9554 2
  -6.4591 -100.4373 2
  -7.3816 -101.0413 2
  -7.7954 -101.5385 2
  -8.3816 -101.8404 2
  -9.0208 -102.1463 2
  -9.5264 -102.2591 2
 -10.2425 -102.4389 2
 -10.2867 -103.0490 2
 -10.2858 -103.7685 2
 -10.2915 -104.5384 2
 -10.3328 -105.3352 2
 -10.3621 -105.9326 2
 -10.4806 -106.5950 2
 -10.6333 -107.3275 2
 -10.8426 -108.1665 2
 -10.9806 -109.0998 2
 -11.2938 -110.1013 2
 -11.5788 -110.5258 2
 -12.0680 -111.1782 2
 -12.5310 -111.7429 2
 -13.0963 -111.9947 2
 -13.2955 -112.7599 2
 -13.8529 -113.1809 2
 -14.1804 -113.8761 2
 -13.4434 -113.9675 2
 -12.5677 -113.8072 2
 -11.8567 -113.7749 2
 -11.4576 -113.5824 2
 -10.9360 -113.2804 2
 -10.3687 -113.1910 2
  -9.5866 -113.0007 2
  -8.8401 -112.4280 2
  -8.3567 -112.0397 2
  -7.8531 -111.6901 2
  -7.4413 -111.3335 2
  -6.9537 -110.9837 2
  -6.5178 -110.6165 2
  -6.0040 -110.2403 2
  -5.5563 -109.8288 2
  -5.0345 -109.3069 2
  -4.7044 -108.8463 2
  -4.1077 -108.2172 2
  -3.7681 -107.6086 2
  -3.3348 -107.1960 2
  -3.1326 -106.4355 2
  -3.1236 -105.7817 2
  -3.2199 -105.3184 2
  -3.7487 -104.9904 2
  -3.6380 -104.4421 2
  -3.8414 -103.9546 2
  -3.8165 -103.3042 2
  -3.5649 -102.6250 2
  -3.0869 -101.8431 2
  -2.8453 -101.2959 2
  -2.6825 -100.7213 2
  -2.5828 -100.2407 2
  -2.4700  -99.6902 2
  -2.2061  -99.1802 2
  -1.9739  -98.5040 2
  -1.8403  -97.9099 2
  -1.4500  -97.2797 2
  -1.1700  -96.8233 2
  -1.0769  -96.3233 2
  -0.7638  -96.4478 2
  -0.5893  -95.6755 2
  -0.4576  -94.9163 2
  -0.3698  -94.4350 2
  -0.3360  -93.9182 2
  -0.2305  -93.1783 2
  -0.1983  -92.7017 2
  -0.2750  -92.3191 2
  -0.5322  -92.5335 2
  -0.7902  -92.7054 2
  -0.9961  -93.1100 2
  -1.1600  -93.6932 2
  -1.3637  -94.2783 2
  -1.5371  -94.6930 2
  -1.9422  -95.3563 2
  -2.2879  -95.9200 2
  -2.7740  -96.6874 2
  99.0000   99.0000 3
9999 9999,GPML,nolabel,none,black,byPlateId,1,0
 103 4500.0   -inf UN   0   0   0     0
  -7.8046  -47.4987 3
  -6.0447  -45.1516 2
  -7.8089  -47.4971 2
  -7.8046  -47.4987 2
  99.0000   99.0000 3
9999 9999,GPML,nolabel,none,black,byPlateId,1,0
 103 4500.0   -inf UN   0   0   0     0
  -6.0447  -45.1516 3
  -7.8046  -47.4987 2
  -7.3956  -47.6448 2
  -7.1382  -47.7119 2
  -6.9083  -47.7663 2
  -6.7006  -47.8289 2
  -6.5313  -47.9080 2
  -6.3379  -48.0207 2
  -6.1747  -48.1193 2
  -5.9578  -48.2526 2
  -5.8144  -48.3364 2
  -5.6132  -48.4660 2
  -5.4487  -48.5849 2
  -5.2227  -48.7498 2
  -5.0168  -48.9203 2
  -5.0168  -48.9203 2
  -4.8235  -49.0832 2
  -4.6886  -49.2322 2
  -4.5548  -49.3882 2
  -4.3465  -49.6091 2
  -4.1973  -49.8116 2
  -4.0658  -50.0335 2
  -3.9258  -50.2209 2
  -3.7257  -50.5106 2
  -3.5418  -50.8122 2
  -3.4477  -51.0143 2
  -3.3358  -51.2367 2
  -3.2454  -51.4558 2
  -3.1230  -51.7209 2
  -2.9872  -52.0071 2
  -2.8566  -52.2494 2
  -2.7911  -52.3904 2
  -2.8034  -52.6862 2
  -2.6099  -52.8318 2
  -2.5199  -52.9274 2
  -2.3570  -53.0591 2
  -2.1937  -53.1967 2
  -2.0416  -53.3241 2
  -1.8533  -53.4924 2
  -1.6281  -53.6723 2
  -1.4114  -53.7925 2
  -1.0856  -53.9847 2
  -0.7350  -54.2292 2
  -0.4658  -54.4601 2
  -0.2437  -54.7249 2
  -0.0747  -54.9547 2
   0.0142  -55.1253 2
   0.1375  -55.3741 2
   0.3071  -55.6386 2
   0.4679  -55.9131 2
   0.6049  -56.0714 2
   0.7583  -56.2512 2
   0.8698  -56.4747 2
   0.9966  -56.7696 2
   1.0809  -57.0381 2
   1.2918  -57.2130 2
   1.7372  -57.3691 2
   2.0652  -57.4504 2
   2.6998  -57.2869 2
   3.2998  -56.9863 2
   3.5411  -56.5883 2
   3.6182  -56.1881 2
   3.7063  -55.8649 2
   3.8222  -55.5219 2
   3.8855  -55.2565 2
   3.9616  -54.9101 2
   4.0148  -54.5993 2
   4.0645  -54.2791 2
   4.0545  -53.8186 2
   3.8813  -53.5699 2
   3.4481  -53.3554 2
   3.1093  -53.0694 2
   2.8816  -52.7707 2
   2.7118  -52.3785 2
   2.5505  -52.0206 2
   2.4319  -51.7331 2
   2.2686  -51.3089 2
   2.1239  -50.9444 2
   2.0022  -50.7081 2
   1.9078  -50.4556 2
   1.8145  -50.2015 2
   1.5920  -49.9432 2
   1.3403  -49.6796 2
   1.1052  -49.3246 2
   0.9481  -49.0586 2
   0.8719  -48.8126 2
   0.9447  -48.4716 2
   1.1698  -48.0272 2
   1.6070  -47.5353 2
   2.3970  -47.0115 2
   2.9888  -46.3345 2
   2.9993  -45.8707 2
   2.9839  -45.5327 2
   2.9406  -45.3172 2
   2.8546  -45.0962 2
   2.7515  -44.8093 2
   2.6115  -44.4979 2
   2.5109  -44.2303 2
   2.3653  -43.9455 2
   2.1729  -43.6594 2
   1.9613  -43.4034 2
   1.7751  -43.1652 2
   1.5566  -42.9571 2
   1.3390  -42.8200 2
   0.9931  -42.7152 2
   0.5733  -42.5908 2
   0.2489  -42.4865 2
  -0.0704  -42.4177 2
  -0.3734  -42.3798 2
  -0.7342  -42.2643 2
  -1.0729  -42.1663 2
  -1.5315  -42.0683 2
  -2.0213  -42.0560 2
  -2.3865  -41.9974 2
  -2.7024  -41.9749 2
  -3.0060  -41.9576 2
  -3.6545  -42.0176 2
  -6.0447  -45.1516 2
  99.0000   99.0000 3
9999 9999,GPML,nolabel,none,black,byPlateId,1,0
 102 4500.0   -inf UN   0   0   0     0
 -15.5338  -40.2365 3
 -15.6212  -40.3231 2
 -15.6922  -40.4062 2
 -15.7511  -40.4769 2
 -15.8277  -40.5813 2
 -16.1034  -40.6867 2
 -16.4453  -40.6326 2
 -16.5724  -40.5930 2
 -16.6791  -40.4876 2
 -16.7709  -40.3961 2
 -16.8776  -40.2737 2
 -17.0246  -40.1399 2
 -17.1926  -40.0275 2
 -17.4966  -39.8671 2
 -17.6273  -39.7839 2
 -17.7455  -39.6895 2
 -17.8355  -39.6078 2
 -17.9802  -39.4486 2
 -18.0986  -39.3119 2
 -18.1977  -39.1807 2
 -18.3338  -39.0484 2
 -18.4928  -38.9073 2
 -18.6570  -38.7640 2
 -18.8485  -38.6025 2
 -19.0471  -38.4653 2
 -19.2723  -38.3381 2
 -19.7315  -38.1795 2
 -20.0290  -38.0656 2
 -20.5216  -37.9453 2
 -21.0469  -37.8391 2
 -21.8758  -37.6795 2
 -22.6623  -37.6337 2
 -22.9943  -37.7245 2
 -23.1756  -37.8125 2
 -23.3063  -37.9006 2
 -23.6705  -38.0826 2
 -23.8856  -38.2482 2
 -24.1724  -38.4698 2
 -24.3897  -38.6699 2
 -24.6050  -38.8652 2
 -24.8558  -39.0920 2
 -25.0973  -39.2812 2
 -25.3047  -39.4999 2
 -25.5195  -39.6467 2
 -25.7215  -39.7749 2
 -26.0691  -40.0076 2
 -26.3466  -40.2423 2
 -26.9025  -40.4882 2
 -27.3318  -40.7318 2
 -27.6316  -40.9713 2
 -27.8736  -41.1728 2
 -28.1884  -41.3705 2
 -28.5485  -41.6192 2
 -28.7000  -41.8231 2
 -28.7215  -42.1144 2
 -28.6701  -42.4447 2
 -29.0144  -42.7474 2
 -29.5703  -43.0961 2
 -29.8468  -43.3948 2
 -30.0648  -43.6838 2
 -30.2429  -43.9506 2
 -30.4908  -44.3723 2
 -30.6405  -44.7437 2
 -30.7610  -45.0505 2
 -30.8228  -45.3500 2
 -30.7880  -45.5561 2
 -30.7710  -45.7642 2
 -30.7664  -46.1030 2
 -30.7893  -46.3648 2
 -30.7924  -46.6557 2
 -30.8836  -47.0741 2
 -30.9369  -47.4266 2
 -31.0138  -47.7777 2
 -31.1259  -48.0597 2
 -31.2970  -48.4280 2
 -31.5730  -48.9223 2
 -31.7968  -49.3945 2
 -31.9326  -49.7651 2
 -32.1055  -50.3411 2
 -32.2283  -50.8618 2
 -32.3085  -51.2121 2
 -32.1741  -51.5039 2
 -32.1748  -51.8276 2
 -32.3319  -52.1788 2
 -32.4877  -52.5617 2
 -32.6667  -53.0335 2
 -32.8878  -53.5136 2
 -33.1304  -53.9794 2
 -33.3982  -54.5449 2
 -33.8007  -55.1736 2
 -34.3957  -55.7531 2
 -34.7572  -56.1684 2
 -35.1862  -56.8220 2
 -35.5224  -57.5863 2
 -35.5359  -58.1293 2
 -35.4397  -58.4871 2
 -35.2001  -58.8611 2
 -34.8773  -59.1433 2
 -34.3830  -59.1179 2
 -33.9935  -59.1925 2
 -33.6890  -59.4302 2
 -33.3077  -59.5646 2
 -32.8624  -59.5322 2
 -32.3378  -59.5391 2
 -31.8501  -59.5306 2
 -31.5197  -59.2246 2
 -31.0804  -59.0491 2
 -30.6144  -59.1186 2
 -30.1509  -59.0139 2
 -29.7429  -58.7819 2
 -29.3127  -58.4160 2
 -28.9372  -57.9888 2
 -28.6505  -57.8120 2
 -28.8157  -58.2631 2
 -28.6463  -58.4420 2
 -28.0956  -58.2773 2
 -27.6290  -58.0609 2
 -27.2858  -57.9043 2
 -26.8221  -57.6336 2
 -26.2981  -57.2213 2
 -25.9504  -56.8695 2
 -25.4749  -56.3029 2
 -25.0731  -55.7091 2
 -24.4969  -55.1219 2
 -24.1181  -54.7699 2
 -23.8988  -54.2435 2
 -23.5859  -53.6404 2
 -23.2545  -53.4838 2
 -22.8507  -53.3137 2
 -22.5100  -53.2152 2
 -22.1190  -53.0283 2
 -21.7424  -52.7601 2
 -21.2874  -52.3521 2
 -20.9688  -52.1585 2
 -20.7506  -52.0676 2
 -20.5159  -51.9597 2
 -20.3084  -51.9026 2
 -20.0137  -51.8290 2
 -19.8120  -51.8104 2
 -19.5870  -51.8730 2
 -19.4563  -51.9118 2
 -19.2575  -51.9547 2
 -18.9926  -51.9207 2
 -18.6202  -51.8189 2
 -18.3136  -51.8317 2
 -18.1589  -51.8807 2
 -17.9174  -51.8709 2
 -17.7155  -51.8509 2
 -17.5159  -51.8494 2
 -17.2503  -51.8194 2
 -16.9202  -51.7255 2
 -16.7571  -51.6731 2
 -16.6187  -51.6814 2
 -16.5024  -51.7330 2
 -16.2519  -51.6127 2
 -16.0004  -51.5553 2
 -15.5851  -51.4025 2
 -15.5200  -50.8464 2
 -15.4780  -50.4748 2
 -15.4514  -49.9444 2
 -15.4171  -49.5043 2
 -15.4166  -49.1223 2
 -15.4233  -48.8018 2
 -15.4118  -48.4950 2
 -15.4066  -48.1870 2
 -15.3979  -47.8618 2
 -15.3893  -47.6315 2
 -15.3850  -47.4071 2
 -15.3709  -47.1671 2
 -15.3566  -46.9270 2
 -15.3630  -46.6721 2
 -15.3704  -46.4416 2
 -15.3698  -46.1703 2
 -15.3611  -45.9463 2
 -15.3463  -45.7271 2
 -15.3117  -45.4415 2
 -15.2970  -45.1903 2
 -15.2881  -44.9697 2
 -15.2980  -44.7416 2
 -15.3011  -44.4971 2
 -15.3038  -44.2172 2
 -15.2953  -43.9856 2
 -15.2906  -43.7566 2
 -15.2917  -43.4556 2
 -15.2845  -43.2165 2
 -15.2597  -42.9421 2
 -15.2312  -42.6508 2
 -15.0161  -42.3174 2
 -15.0975  -42.1754 2
 -15.0435  -42.0585 2
 -15.0408  -41.9499 2
 -15.0453  -41.8667 2
 -15.0457  -41.7732 2
 -15.0578  -41.6857 2
 -15.0327  -41.5510 2
 -15.0084  -41.4597 2
 -14.9647  -41.3343 2
 -14.9233  -41.1800 2
 -14.9513  -41.0446 2
 -14.9566  -40.9664 2
 -14.8632  -40.7630 2
 -14.7808  -40.5227 2
 -14.7387  -40.3569 2
 -14.7231  -40.3017 2
 -14.6078  -40.1679 2
 -14.5711  -40.0824 2
 -14.5582  -39.9891 2
 -14.5751  -39.8827 2
 -14.5820  -39.8218 2
 -14.6203  -39.7396 2
 -14.9968  -39.7572 2
 -15.1003  -39.8364 2
 -15.2493  -39.9462 2
 -15.4035  -40.0923 2
 -15.5338  -40.2365 2
  99.0000   99.0000 3
9999 9999,GPML,nolabel,none,black,byPlateId,1,0
 103 4500.0   -inf UN   0   0   0     0
  -9.6762  -46.6423 3
  -9.4522  -46.7573 2
  -9.1726  -46.9384 2
  -8.9230  -47.0823 2
  -8.7754  -47.1843 2
  -8.5285  -47.2839 2
  -8.2282  -47.3601 2
  -7.9702  -47.4498 2
  -3.7218  -41.9283 2
  -4.0804  -41.8393 2
  -4.5377  -41.7617 2
  -4.8452  -41.7255 2
  -5.1767  -41.6699 2
  -5.5441  -41.6100 2
  -5.7789  -41.5818 2
  -6.0548  -41.5355 2
  -6.3020  -41.5758 2
  -6.4405  -41.4811 2
  -6.6966  -41.3508 2
  -7.0482  -41.2199 2
  -7.2863  -41.1236 2
  -7.5879  -40.9800 2
  -7.8514  -40.8968 2
  -8.1468  -40.8495 2
  -8.4009  -40.8119 2
  -8.6890  -40.7888 2
  -9.0071  -40.7641 2
  -9.2775  -40.7553 2
  -9.6638  -40.8402 2
 -10.2376  -40.9939 2
 -10.6445  -41.2072 2
 -10.9602  -41.4074 2
 -11.2344  -41.5717 2
 -11.5732  -41.6892 2
 -11.9242  -41.8684 2
 -11.8784  -42.2671 2
 -11.8567  -42.5814 2
 -11.8390  -42.8801 2
 -11.8395  -43.2571 2
 -11.8439  -43.6603 2
 -11.8398  -44.1627 2
 -11.9223  -44.7973 2
 -12.0444  -45.4446 2
 -11.9348  -45.5327 2
 -11.7752  -45.5893 2
 -11.5356  -45.6489 2
 -11.2303  -45.8552 2
 -11.0210  -45.9912 2
 -10.8147  -46.1284 2
 -10.5773  -46.2680 2
 -10.2560  -46.4043 2
 -10.0159  -46.4953 2
  -9.8571  -46.5575 2
  -9.6762  -46.6423 2
  99.0000   99.0000 3
